#[0]step() [1]time(s) [2]max_Ex_lev0 (V/m) [3]max_Ey_lev0 (V/m) [4]max_Ez_lev0 (V/m) [5]max_|E|_lev0 (V/m) [6]max_Bx_lev0 (T) [7]max_By_lev0 (T) [8]max_Bz_lev0 (T) [9]max_|B|_lev0 (T)
0 0.00000000000000e+00 0.00000000000000e+00 0.00000000000000e+00 0.00000000000000e+00 0.00000000000000e+00 0.00000000000000e+00 0.00000000000000e+00 0.00000000000000e+00 0.00000000000000e+00
10 9.24592500005876e-16 1.52589086782641e+10 0.00000000000000e+00 2.74157448161146e+11 2.74157454094213e+11 0.00000000000000e+00 9.44481710727219e+02 0.00000000000000e+00 9.44481710727219e+02
20 1.84918500001175e-15 1.72502517414297e+10 0.00000000000000e+00 3.39362864394756e+11 3.39362912261192e+11 0.00000000000000e+00 1.15200135138636e+03 0.00000000000000e+00 1.15200135138636e+03
30 2.77377750001763e-15 1.72404399016570e+10 0.00000000000000e+00 3.98425913694205e+11 3.98425915642038e+11 0.00000000000000e+00 1.16077248082005e+03 0.00000000000000e+00 1.16077248082005e+03
40 3.69837000002351e-15 2.27771690979980e+10 0.00000000000000e+00 4.30251464482953e+11 4.30251465312731e+11 0.00000000000000e+00 1.43246890376620e+03 0.00000000000000e+00 1.43246890376620e+03
50 4.62296250002938e-15 2.36626920247711e+10 0.00000000000000e+00 5.36653188510567e+11 5.36653242185524e+11 0.00000000000000e+00 1.81783491335200e+03 0.00000000000000e+00 1.81783491335200e+03
60 5.54755500003526e-15 2.31251592271021e+10 0.00000000000000e+00 6.81727327270868e+11 6.81727331600080e+11 0.00000000000000e+00 2.05732849126074e+03 0.00000000000000e+00 2.05732849126074e+03
70 6.47214750004114e-15 3.41024203051591e+10 0.00000000000000e+00 6.79514835522223e+11 6.79514845090960e+11 0.00000000000000e+00 2.29181651142035e+03 0.00000000000000e+00 2.29181651142035e+03
80 7.39674000004701e-15 3.35887400548256e+10 0.00000000000000e+00 8.38903034306479e+11 8.38903073771964e+11 0.00000000000000e+00 2.83965122477012e+03 0.00000000000000e+00 2.83965122477012e+03
90 8.32133250005288e-15 3.29278035966101e+10 0.00000000000000e+00 1.07008291356967e+12 1.07008291861061e+12 0.00000000000000e+00 3.47875244717462e+03 0.00000000000000e+00 3.47875244717462e+03
100 9.24592500005875e-15 4.95143109612272e+10 0.00000000000000e+00 1.05746299022120e+12 1.05746300061343e+12 0.00000000000000e+00 3.53870540807386e+03 0.00000000000000e+00 3.53870540807386e+03
110 1.01705175000646e-14 4.87432301833115e+10 0.00000000000000e+00 1.29517297292766e+12 1.29517302701012e+12 0.00000000000000e+00 4.36254515528232e+03 0.00000000000000e+00 4.36254515528232e+03
120 1.10951100000705e-14 4.92206723107132e+10 0.00000000000000e+00 1.60414288926685e+12 1.60414291348321e+12 0.00000000000000e+00 5.37873205660325e+03 0.00000000000000e+00 5.37873205660325e+03
130 1.20197025000764e-14 7.16669091140014e+10 0.00000000000000e+00 1.60731237171743e+12 1.60731240111857e+12 0.00000000000000e+00 5.39623052135122e+03 0.00000000000000e+00 5.39623052135122e+03
