#[0]step() [1]time(s) [2]total_lev0(J) [3]E_lev0(J) [4]B_lev0(J)
0 0.00000000000000e+00 0.00000000000000e+00 0.00000000000000e+00 0.00000000000000e+00
8 9.24592500005876e-16 4.39253067947766e-01 2.35367317606227e-01 2.03885750341539e-01
16 1.84918500001175e-15 1.50681878581831e+00 8.24589498447047e-01 6.82229287371262e-01
24 2.77377750001763e-15 2.49595607894611e+00 1.40474865046839e+00 1.09120742847772e+00
32 3.69837000002350e-15 3.35050168693077e+00 1.74422838820008e+00 1.60627329873069e+00
40 4.62296250002938e-15 6.01676137417819e+00 3.14864215583313e+00 2.86811921834506e+00
48 5.54755500003526e-15 9.16963603147969e+00 5.01763168951650e+00 4.15200434196319e+00
56 6.47214750004113e-15 1.11728250082404e+01 5.86466842405490e+00 5.30815658418546e+00
64 7.39674000004701e-15 1.70296849148010e+01 8.74210487461956e+00 8.28758004018148e+00
72 8.32133250005289e-15 2.61196081919560e+01 1.40945951666721e+01 1.20250130252839e+01
80 9.24592500005877e-15 3.14995050809188e+01 1.67200123932665e+01 1.47794926876523e+01
88 1.01705175000647e-14 4.29760985929394e+01 2.18742813240464e+01 2.11018172688930e+01
96 1.10951100000705e-14 6.62950880885438e+01 3.52692428997765e+01 3.10258451887674e+01
104 1.20197025000764e-14 8.19672006713331e+01 4.38749466525021e+01 3.80922540188310e+01
112 1.29442950000823e-14 1.02594628853387e+02 5.22482806268897e+01 5.03463482264973e+01
120 1.38688875000882e-14 1.55545110082759e+02 8.15025533549981e+01 7.40425567277606e+01
128 1.47934800000941e-14 2.00342959880142e+02 1.07572236407635e+02 9.27707234725069e+01
136 1.57180725001000e-14 2.36616551254057e+02 1.21452262358272e+02 1.15164288895785e+02
144 1.66426650001058e-14 3.42976315691797e+02 1.77142309115259e+02 1.65834006576538e+02
152 1.75672575001117e-14 4.60667082697150e+02 2.46694901421200e+02 2.13972181275950e+02
160 1.84918500001176e-14 5.29930249712678e+02 2.75161177671552e+02 2.54769072041127e+02
168 1.94164425001235e-14 7.19276518074527e+02 3.67408461409537e+02 3.51868056664990e+02
176 2.03410350001294e-14 9.95816120030618e+02 5.29233219259714e+02 4.66582900770905e+02
184 2.12656275001352e-14 1.14838676201147e+03 6.02880252785753e+02 5.45506509225718e+02
192 2.21902200001411e-14 1.44960714334677e+03 7.36448736891677e+02 7.13158406455095e+02
200 2.31148125001470e-14 2.02573185777777e+03 1.06478894159007e+03 9.60942916187704e+02
208 2.40394050001529e-14 2.39009401378852e+03 1.26397507100094e+03 1.12611894278759e+03
216 2.49639975001588e-14 2.82989705666255e+03 1.43920347543964e+03 1.39069358122291e+03
224 2.58885900001647e-14 3.89175193073468e+03 2.02037440843527e+03 1.87137752229941e+03
232 2.68131825001705e-14 4.74160608315145e+03 2.51318367443437e+03 2.22842240871708e+03
240 2.77377750001764e-14 5.37163032610334e+03 2.74914568819673e+03 2.62248463790661e+03
248 2.86623675001823e-14 7.10275284093534e+03 3.64509361616814e+03 3.45765922476720e+03
256 2.95869600001882e-14 8.91881438283459e+03 4.71407485360575e+03 4.20473952922885e+03
264 3.05115525001941e-14 9.90382363647535e+03 5.11283486107414e+03 4.79098877540121e+03
272 3.14361450002000e-14 1.24047402404137e+04 6.31289040278858e+03 6.09184983762514e+03
280 3.23607375002058e-14 1.58707802395882e+04 8.33146926060610e+03 7.53931097898206e+03
288 3.32853300002117e-14 1.76512900607679e+04 9.18441874823410e+03 8.46687131253381e+03
296 3.42099225002176e-14 2.08800596804794e+04 1.05868319128902e+04 1.02932277675892e+04
304 3.51345150002235e-14 2.67419391469237e+04 1.39078935253592e+04 1.28340456215645e+04
312 3.60591075002294e-14 3.02208775133373e+04 1.58003218373601e+04 1.44205556759772e+04
320 3.69837000002352e-14 3.40510380616448e+04 1.72851298404943e+04 1.67659082211505e+04
328 3.79082925002411e-14 4.28189989246620e+04 2.20477315465093e+04 2.07712673781527e+04
336 3.88328850002470e-14 4.94331382131065e+04 2.58655224440357e+04 2.35676157690708e+04
344 3.97574775002529e-14 5.39077922507697e+04 2.74934584886137e+04 2.64143337621560e+04
352 4.06820700002588e-14 6.55048743148818e+04 3.34350452282626e+04 3.20698290866192e+04
360 4.16066625002647e-14 7.70000735685270e+04 4.01682581991574e+04 3.68318153693696e+04
368 4.25312550002705e-14 8.27387573298770e+04 4.24481888736045e+04 4.02905684562726e+04
376 4.34558475002764e-14 9.63274892302890e+04 4.88771794419983e+04 4.74503097882908e+04
384 4.43804400002823e-14 1.14151883036351e+05 5.91998821359970e+04 5.49520009003535e+04
392 4.53050325002882e-14 1.22677591186523e+05 6.32496143281280e+04 5.94279768583953e+04
400 4.62296250002941e-14 1.36906097473835e+05 6.93055759844981e+04 6.76005214893367e+04
408 4.71542175003000e-14 1.61383665742052e+05 8.30804269862678e+04 7.83032387557841e+04
416 4.80788100003058e-14 1.75024259589156e+05 9.04641157317936e+04 8.45601438573627e+04
424 4.90034025003117e-14 1.88728637867516e+05 9.56297716307885e+04 9.30988662367271e+04
432 4.99279950003176e-14 2.18445042097204e+05 1.11634771643952e+05 1.06810270453253e+05
440 5.08525875003235e-14 2.39591772921834e+05 1.23788133784792e+05 1.15803639137042e+05
448 5.17771800003294e-14 2.52641211954312e+05 1.28393020043189e+05 1.24248191911124e+05
456 5.27017725003352e-14 2.84528925070444e+05 1.44547117719065e+05 1.39981807351379e+05
464 5.36263650003411e-14 3.14425822737892e+05 1.61977615088269e+05 1.52448207649623e+05
472 5.45509575003470e-14 3.28149798258747e+05 1.67323407583543e+05 1.60826390675204e+05
480 5.54755500003529e-14 3.58449355041900e+05 1.81434543286426e+05 1.77014811755474e+05
488 5.64001425003588e-14 3.96115955192773e+05 2.03130935211493e+05 1.92985019981280e+05
496 5.73247350003647e-14 4.12872968809494e+05 2.11020379769181e+05 2.01852589040313e+05
504 5.82493275003705e-14 4.38595837199026e+05 2.21721536059404e+05 2.16874301139623e+05
512 5.91739200003764e-14 4.80597158314946e+05 2.45202049928291e+05 2.35395108386655e+05
520 6.00985125003823e-14 5.02553131299783e+05 2.57026363573974e+05 2.45526767725810e+05
528 6.10231050003882e-14 5.22661166890490e+05 2.64367234197381e+05 2.58293932693108e+05
536 6.19476975003941e-14 5.64044783771432e+05 2.86467268174755e+05 2.77577515596677e+05
544 6.28722900004000e-14 5.91804943622205e+05 3.02349770921745e+05 2.89455172700459e+05
552 6.37968825004058e-14 6.07408278542021e+05 3.07667218467783e+05 2.99741060074238e+05
560 6.47214750004117e-14 6.43430333896682e+05 3.25706968870522e+05 3.17723365026161e+05
568 6.56460675004176e-14 6.75360859016345e+05 3.44233022701549e+05 3.31127836314796e+05
576 6.65706600004235e-14 6.88822600697767e+05 3.49362742868813e+05 3.39459857828953e+05
584 6.74952525004294e-14 7.16572127759196e+05 3.62076074358835e+05 3.54496053400361e+05
592 6.84198450004352e-14 7.49260886104907e+05 3.80798641146824e+05 3.68462244958083e+05
600 6.93444375004411e-14 7.62778406903687e+05 3.87103676041554e+05 3.75674730862133e+05
608 7.02690300004470e-14 7.81871634051164e+05 3.94855970371248e+05 3.87015663679916e+05
616 7.11936225004529e-14 8.11468875639412e+05 4.11286525046652e+05 4.00182350592760e+05
624 7.21182150004588e-14 8.25980989376819e+05 4.19062399467249e+05 4.06918589909570e+05
632 7.30428075004647e-14 8.38089273224211e+05 4.23331307486319e+05 4.14757965737893e+05
640 7.39674000004705e-14 8.61754278951335e+05 4.35854567117922e+05 4.25899711833413e+05
648 7.48919925004764e-14 8.76723638725356e+05 4.44381701784880e+05 4.32341936940476e+05
656 7.58165850004823e-14 8.84378146060013e+05 4.46892146994813e+05 4.37485999065200e+05
664 7.67411775004882e-14 9.01083781058251e+05 4.55154599369638e+05 4.45929181688613e+05
672 7.76657700004941e-14 9.15094910263310e+05 4.63245612410360e+05 4.51849297852949e+05
680 7.85903625005000e-14 9.20513124369293e+05 4.65262105564446e+05 4.55251018804847e+05
688 7.95149550005058e-14 9.30942674510381e+05 4.69954785963264e+05 4.60987888547117e+05
696 8.04395475005117e-14 9.42599235162211e+05 4.76594047568468e+05 4.66005187593743e+05
704 8.13641400005176e-14 9.47075077456071e+05 4.78661493585236e+05 4.68413583870835e+05
712 8.22887325005235e-14 9.52888077210741e+05 4.80957945170496e+05 4.71930132040245e+05
720 8.32133250005294e-14 9.61458090289595e+05 4.85682529014281e+05 4.75775561275314e+05
728 8.41379175005352e-14 9.65396189710616e+05 4.87781611832093e+05 4.77614577878523e+05
736 8.50625100005411e-14 9.68384992071116e+05 4.88793797016466e+05 4.79591195054650e+05
744 8.59871025005470e-14 9.73945477687036e+05 4.91709600380113e+05 4.82235877306923e+05
752 8.69116950005529e-14 9.77259935657114e+05 4.93589041128467e+05 4.83670894528647e+05
760 8.78362875005588e-14 9.78798849245785e+05 4.94071775214038e+05 4.84727074031747e+05
768 8.87608800005647e-14 9.81981909891203e+05 4.95626288158796e+05 4.86355621732407e+05
776 8.96854725005705e-14 9.84506392157792e+05 4.97076768485939e+05 4.87429623671853e+05
784 9.06100650005764e-14 9.85400664970265e+05 4.97400938591620e+05 4.87999726378645e+05
792 9.15346575005823e-14 9.87010905176900e+05 4.98112135134998e+05 4.88898770041903e+05
800 9.24592500005882e-14 9.88717489506623e+05 4.99078183236622e+05 4.89639306270002e+05
808 9.33838425005941e-14 9.89325827834981e+05 4.99356410232879e+05 4.89969417602103e+05
816 9.43084350006000e-14 9.90052637115679e+05 4.99635625047883e+05 4.90417012067795e+05
824 9.52330275006058e-14 9.91071175269877e+05 5.00192531869807e+05 4.90878643400070e+05
832 9.61576200006117e-14 9.91510174715918e+05 5.00425324873566e+05 4.91084849842352e+05
840 9.70822125006176e-14 9.91813017895485e+05 5.00524286914025e+05 4.91288730981459e+05
848 9.80068050006235e-14 9.92348959111666e+05 5.00801914450848e+05 4.91547044660817e+05
856 9.89313975006294e-14 9.92650536244482e+05 5.00971590561812e+05 4.91678945682670e+05
864 9.98559900006352e-14 9.92777395088537e+05 5.01011330745010e+05 4.91766064343527e+05
872 1.00780582500641e-13 9.93025795639216e+05 5.01130370365275e+05 4.91895425273940e+05
880 1.01705175000647e-13 9.93212641799013e+05 5.01235072833415e+05 4.91977568965598e+05
888 1.02629767500653e-13 9.93272851382488e+05 5.01259754590856e+05 4.92013096791632e+05
896 1.03554360000659e-13 9.93374243646615e+05 5.01303854362718e+05 4.92070389283897e+05
904 1.04478952500665e-13 9.93476496740690e+05 5.01356715729708e+05 4.92119781010982e+05
912 1.05403545000671e-13 9.93509699441635e+05 5.01376384046116e+05 4.92133315395519e+05
920 1.06328137500676e-13 9.93546262157241e+05 5.01392941793512e+05 4.92153320363729e+05
928 1.07252730000682e-13 9.93594768417273e+05 5.01411651650488e+05 4.92183116766785e+05
936 1.08177322500688e-13 9.93613953764944e+05 5.01424917281492e+05 4.92189036483453e+05
944 1.09101915000694e-13 9.93625055412024e+05 5.01437359610548e+05 4.92187695801476e+05
952 1.10026507500700e-13 9.93644749231081e+05 5.01436720371157e+05 4.92208028859925e+05
960 1.10951100000706e-13 9.93653994997585e+05 5.01441072733399e+05 4.92212922264186e+05
968 1.11875692500712e-13 9.93656682418332e+05 5.01457463915741e+05 4.92199218502591e+05
976 1.12800285000718e-13 9.93661900068583e+05 5.01450201089957e+05 4.92211698978625e+05
984 1.13724877500723e-13 9.93665094071296e+05 5.01442620701598e+05 4.92222473369698e+05
992 1.14649470000729e-13 9.93664048038630e+05 5.01463721680298e+05 4.92200326358332e+05
1000 1.15574062500735e-13 9.93663846805205e+05 5.01459574330364e+05 4.92204272474841e+05
1008 1.16498655000741e-13 9.93662196684152e+05 5.01440225348395e+05 4.92221971335757e+05
1016 1.17423247500747e-13 9.93660217954192e+05 5.01460527625224e+05 4.92199690328968e+05
1024 1.18347840000753e-13 9.93656792795364e+05 5.01466353619510e+05 4.92190439175853e+05
1032 1.19272432500759e-13 9.93653624301182e+05 5.01439347912998e+05 4.92214276388184e+05
1040 1.20197025000765e-13 9.93649684894742e+05 5.01452458186323e+05 4.92197226708418e+05
1048 1.21121617500771e-13 9.93645881962348e+05 5.01469129902257e+05 4.92176752060091e+05
1056 1.22046210000776e-13 9.93641097378666e+05 5.01441984549041e+05 4.92199112829626e+05
1064 1.22970802500782e-13 9.93636322681253e+05 5.01443480529727e+05 4.92192842151527e+05
1072 1.23895395000788e-13 9.93632352165585e+05 5.01467155067053e+05 4.92165197098531e+05
1080 1.24819987500794e-13 9.93626639688633e+05 5.01447373386763e+05 4.92179266301870e+05
1088 1.25744580000800e-13 9.93622059642701e+05 5.01438184857994e+05 4.92183874784707e+05
1096 1.26669172500806e-13 9.93616827463296e+05 5.01461601070690e+05 4.92155226392606e+05
1104 1.27593765000812e-13 9.93611564817929e+05 5.01452001413090e+05 4.92159563404838e+05
1112 1.28518357500818e-13 9.93606247711857e+05 5.01437125326812e+05 4.92169122385045e+05
1120 1.29442950000823e-13 9.93600733286021e+05 5.01454703655299e+05 4.92146029630722e+05
1128 1.30367542500829e-13 9.93595682101839e+05 5.01454908670615e+05 4.92140773431224e+05
1136 1.31292135000835e-13 9.93589642860102e+05 5.01439203036311e+05 4.92150439823791e+05
1144 1.32216727500841e-13 9.93584391314575e+05 5.01449403398237e+05 4.92134987916337e+05
1152 1.33141320000847e-13 9.93579280111644e+05 5.01455543661321e+05 4.92123736450323e+05
1160 1.34065912500853e-13 9.93572479761954e+05 5.01443044878856e+05 4.92129434883098e+05
1168 1.34990505000859e-13 9.93568120313015e+05 5.01446676586439e+05 4.92121443726576e+05
1176 1.35915097500865e-13 9.93561977986030e+05 5.01455252230602e+05 4.92106725755428e+05
1184 1.36839690000871e-13 9.93556108543335e+05 5.01447073783389e+05 4.92109034759946e+05
1192 1.37764282500876e-13 9.93550464676212e+05 5.01445701736122e+05 4.92104762940090e+05
1200 1.38688875000882e-13 9.93544920481367e+05 5.01454074846118e+05 4.92090845635249e+05
1208 1.39613467500888e-13 9.93539130966771e+05 5.01451203963275e+05 4.92087927003496e+05
1216 1.40538060000894e-13 9.93533209579823e+05 5.01446317112625e+05 4.92086892467198e+05
1224 1.41462652500900e-13 9.93527305139655e+05 5.01453143861215e+05 4.92074161278440e+05
1232 1.42387245000906e-13 9.93522261170723e+05 5.01454659007314e+05 4.92067602163409e+05
1240 1.43311837500912e-13 9.93516593421382e+05 5.01449066889126e+05 4.92067526532256e+05
1248 1.44236430000918e-13 9.93510891303396e+05 5.01454096461324e+05 4.92056794842072e+05
1256 1.45161022500923e-13 9.93505459165491e+05 5.01457433392886e+05 4.92048025772606e+05
1264 1.46085615000929e-13 9.93499744929557e+05 5.01452029350331e+05 4.92047715579226e+05
1272 1.47010207500935e-13 9.93494660786481e+05 5.01456070280188e+05 4.92038590506293e+05
1280 1.47934800000941e-13 9.93489045665863e+05 5.01460498943205e+05 4.92028546722658e+05
1288 1.48859392500947e-13 9.93483955162685e+05 5.01455313966540e+05 4.92028641196145e+05
1296 1.49783985000953e-13 9.93478685777771e+05 5.01457962877536e+05 4.92020722900234e+05
1304 1.50708577500959e-13 9.93472807818509e+05 5.01463333549441e+05 4.92009474269068e+05
1312 1.51633170000965e-13 9.93468133336485e+05 5.01460041850585e+05 4.92008091485900e+05
1320 1.52557762500971e-13 9.93463653543789e+05 5.01461284825450e+05 4.92002368718340e+05
1328 1.53482355000976e-13 9.93458600846023e+05 5.01466911715934e+05 4.91991689130089e+05
1336 1.54406947500982e-13 9.93453008037834e+05 5.01465292557682e+05 4.91987715480152e+05
1344 1.55331540000988e-13 9.93447575890748e+05 5.01463241046072e+05 4.91984334844676e+05
1352 1.56256132500994e-13 9.93443391728505e+05 5.01470211836861e+05 4.91973179891644e+05
1360 1.57180725001000e-13 9.93438433113468e+05 5.01470688425605e+05 4.91967744687863e+05
1368 1.58105317501006e-13 9.93433264091666e+05 5.01465926778600e+05 4.91967337313066e+05
1376 1.59029910001012e-13 9.93427097715945e+05 5.01472720056135e+05 4.91954377659810e+05
1384 1.59954502501018e-13 9.93422120300920e+05 5.01472956596968e+05 4.91949163703952e+05
1392 1.60879095001023e-13 9.93417118599869e+05 5.01468557615855e+05 4.91948560984015e+05
1400 1.61803687501029e-13 9.93411227453911e+05 5.01475265141092e+05 4.91935962312819e+05
1408 1.62728280001035e-13 9.93405675501429e+05 5.01474199563301e+05 4.91931475938128e+05
1416 1.63652872501041e-13 9.93398811143811e+05 5.01469179062393e+05 4.91929632081418e+05
1424 1.64577465001047e-13 9.93393244542646e+05 5.01475209569173e+05 4.91918034973474e+05
1432 1.65502057501053e-13 9.93387042627170e+05 5.01472624728366e+05 4.91914417898804e+05
1440 1.66426650001059e-13 9.93381348330813e+05 5.01469307366384e+05 4.91912040964429e+05
1448 1.67351242501065e-13 9.93374311060851e+05 5.01474181874575e+05 4.91900129186276e+05
1456 1.68275835001071e-13 9.93366791455407e+05 5.01469821139772e+05 4.91896970315635e+05
1464 1.69200427501076e-13 9.93362035949824e+05 5.01467361632350e+05 4.91894674317474e+05
1472 1.70125020001082e-13 9.93355502236309e+05 5.01470102303313e+05 4.91885399932997e+05
1480 1.71049612501088e-13 9.93348772640939e+05 5.01465313747724e+05 4.91883458893215e+05
1488 1.71974205001094e-13 9.93341513087284e+05 5.01465452460189e+05 4.91876060627094e+05
1496 1.72898797501100e-13 9.93333664211359e+05 5.01465725627010e+05 4.91867938584349e+05
1504 1.73823390001106e-13 9.93328935057778e+05 5.01455985187572e+05 4.91872949870206e+05
1512 1.74747982501112e-13 9.93321372984901e+05 5.01460970693488e+05 4.91860402291413e+05
1520 1.75672575001118e-13 9.93313350711779e+05 5.01459404597578e+05 4.91853946114201e+05
1528 1.76597167501123e-13 9.93305601194360e+05 5.01446477516969e+05 4.91859123677391e+05
1536 1.77521760001129e-13 9.93298732406821e+05 5.01449602451412e+05 4.91849129955409e+05
1544 1.78446352501135e-13 9.93292807336940e+05 5.01451659342990e+05 4.91841147993951e+05
1552 1.79370945001141e-13 9.93285498950802e+05 5.01439399131182e+05 4.91846099819620e+05
1560 1.80295537501147e-13 9.93277947007243e+05 5.01436713779556e+05 4.91841233227687e+05
1568 1.81220130001153e-13 9.93271207880484e+05 5.01440351028431e+05 4.91830856852053e+05
1576 1.82144722501159e-13 9.93264275232326e+05 5.01431061988696e+05 4.91833213243631e+05
1584 1.83069315001165e-13 9.93256497156266e+05 5.01425722537986e+05 4.91830774618280e+05
1592 1.83993907501171e-13 9.93251517256179e+05 5.01428765344668e+05 4.91822751911511e+05
1600 1.84918500001176e-13 9.93243483413243e+05 5.01422014471463e+05 4.91821468941780e+05
1608 1.85843092501182e-13 9.93236528992046e+05 5.01410822056702e+05 4.91825706935344e+05
1616 1.86767685001188e-13 9.93232290208280e+05 5.01417344083827e+05 4.91814946124454e+05
1624 1.87692277501194e-13 9.93225811592240e+05 5.01414208432276e+05 4.91811603159965e+05
1632 1.88616870001200e-13 9.93219126792395e+05 5.01399793574483e+05 4.91819333217912e+05
1640 1.89541462501206e-13 9.93212502944825e+05 5.01406360029046e+05 4.91806142915778e+05
1648 1.90466055001212e-13 9.93206234436838e+05 5.01405021268653e+05 4.91801213168185e+05
1656 1.91390647501218e-13 9.93201689877154e+05 5.01391951825690e+05 4.91809738051464e+05
1664 1.92315240001223e-13 9.93196545114318e+05 5.01397531920737e+05 4.91799013193581e+05
1672 1.93239832501229e-13 9.93193229178685e+05 5.01397442597339e+05 4.91795786581346e+05
1680 1.94164425001235e-13 9.93189238607949e+05 5.01387365310927e+05 4.91801873297021e+05
1688 1.95089017501241e-13 9.93186263062938e+05 5.01391439614379e+05 4.91794823448559e+05
1696 1.96013610001247e-13 9.93182872019374e+05 5.01394490001029e+05 4.91788382018345e+05
1704 1.96938202501253e-13 9.93177898116019e+05 5.01382514681899e+05 4.91795383434120e+05
1712 1.97862795001259e-13 9.93173716329211e+05 5.01381672120616e+05 4.91792044208595e+05
1720 1.98787387501265e-13 9.93168369761514e+05 5.01388702380781e+05 4.91779667380733e+05
1728 1.99711980001271e-13 9.93165472452368e+05 5.01379454768040e+05 4.91786017684328e+05
1736 2.00636572501276e-13 9.93162250893342e+05 5.01375602238496e+05 4.91786648654845e+05
1744 2.01561165001282e-13 9.93159789895284e+05 5.01383106472021e+05 4.91776683423263e+05
1752 2.02485757501288e-13 9.93157003466332e+05 5.01378934724521e+05 4.91778068741811e+05
1760 2.03410350001294e-13 9.93154956607607e+05 5.01369833811605e+05 4.91785122796002e+05
1768 2.04334942501300e-13 9.93148657189396e+05 5.01377886082268e+05 4.91770771107128e+05
1776 2.05259535001306e-13 9.93140900137398e+05 5.01374323858074e+05 4.91766576279324e+05
1784 2.06184127501312e-13 9.93134040058089e+05 5.01362442850661e+05 4.91771597207428e+05
1792 2.07108720001318e-13 9.93129962126528e+05 5.01365056612549e+05 4.91764905513979e+05
1800 2.08033312501323e-13 9.93127685048896e+05 5.01372218257238e+05 4.91755466791658e+05
1808 2.08957905001329e-13 9.93124668138152e+05 5.01362071086024e+05 4.91762597052128e+05
1816 2.09882497501335e-13 9.93123181557496e+05 5.01359156041605e+05 4.91764025515891e+05
1824 2.10807090001341e-13 9.93121794809234e+05 5.01372056571300e+05 4.91749738237934e+05
1832 2.11731682501347e-13 9.93117988381387e+05 5.01366009312045e+05 4.91751979069342e+05
1840 2.12656275001353e-13 9.93113448522219e+05 5.01352581733416e+05 4.91760866788802e+05
1848 2.13580867501359e-13 9.93109565597432e+05 5.01364071613008e+05 4.91745493984425e+05
1856 2.14505460001365e-13 9.93107952110305e+05 5.01366038990378e+05 4.91741913119927e+05
1864 2.15430052501371e-13 9.93104207749782e+05 5.01351590117671e+05 4.91752617632111e+05
1872 2.16354645001376e-13 9.93101114966677e+05 5.01356685749401e+05 4.91744429217277e+05
1880 2.17279237501382e-13 9.93096529508003e+05 5.01362270032449e+05 4.91734259475554e+05
1888 2.18203830001388e-13 9.93093388512945e+05 5.01350291866944e+05 4.91743096646000e+05
1896 2.19128422501394e-13 9.93090395781322e+05 5.01350905867109e+05 4.91739489914213e+05
1904 2.20053015001400e-13 9.93085856055607e+05 5.01358181554095e+05 4.91727674501512e+05
1912 2.20977607501406e-13 9.93084483756718e+05 5.01349155986692e+05 4.91735327770026e+05
1920 2.21902200001412e-13 9.93081184698933e+05 5.01349238957437e+05 4.91731945741496e+05
1928 2.22826792501418e-13 9.93077996287114e+05 5.01352298901037e+05 4.91725697386077e+05
1936 2.23751385001423e-13 9.93073138129915e+05 5.01347101845013e+05 4.91726036284902e+05
1944 2.24675977501429e-13 9.93069430389898e+05 5.01346018905866e+05 4.91723411484032e+05
1952 2.25600570001435e-13 9.93066533212004e+05 5.01347323377617e+05 4.91719209834387e+05
1960 2.26525162501441e-13 9.93063682763416e+05 5.01345101592392e+05 4.91718581171024e+05
1968 2.27449755001447e-13 9.93059409096506e+05 5.01342458899554e+05 4.91716950196953e+05
1976 2.28374347501453e-13 9.93053351008977e+05 5.01343537115522e+05 4.91709813893455e+05
1984 2.29298940001458e-13 9.93049067843601e+05 5.01337337504102e+05 4.91711730339499e+05
1992 2.30223532501464e-13 9.93046253915019e+05 5.01337996758281e+05 4.91708257156738e+05
2000 2.31148125001470e-13 9.93042354818366e+05 5.01340438614694e+05 4.91701916203672e+05
2008 2.32072717501475e-13 9.93040640311054e+05 5.01332934516740e+05 4.91707705794314e+05
2016 2.32997310001481e-13 9.93035556404217e+05 5.01331216061944e+05 4.91704340342272e+05
2024 2.33921902501487e-13 9.93032919420216e+05 5.01337021898013e+05 4.91695897522203e+05
2032 2.34846495001492e-13 9.93027835937441e+05 5.01331788907302e+05 4.91696047030139e+05
2040 2.35771087501498e-13 9.93022748465408e+05 5.01323930786026e+05 4.91698817679382e+05
2048 2.36695680001504e-13 9.93018697803527e+05 5.01329003578072e+05 4.91689694225456e+05
2056 2.37620272501510e-13 9.93014294004027e+05 5.01330101303633e+05 4.91684192700395e+05
2064 2.38544865001515e-13 9.93007128483773e+05 5.01318524469325e+05 4.91688604014449e+05
2072 2.39469457501521e-13 9.93000593746732e+05 5.01317677217982e+05 4.91682916528749e+05
2080 2.40394050001527e-13 9.92992615406991e+05 5.01325281930047e+05 4.91667333476944e+05
2088 2.41318642501532e-13 9.92987844367596e+05 5.01311418713362e+05 4.91676425654234e+05
2096 2.42243235001538e-13 9.92980353843521e+05 5.01307780656037e+05 4.91672573187484e+05
2104 2.43167827501544e-13 9.92970902234189e+05 5.01316557990187e+05 4.91654344244002e+05
2112 2.44092420001549e-13 9.92960282659349e+05 5.01303600795314e+05 4.91656681864035e+05
2120 2.45017012501555e-13 9.92951496887383e+05 5.01290264412419e+05 4.91661232474964e+05
2128 2.45941605001561e-13 9.92932908333070e+05 5.01298574888842e+05 4.91634333444228e+05
2136 2.46866197501566e-13 9.92912293142336e+05 5.01286130144584e+05 4.91626162997753e+05
2144 2.47790790001572e-13 9.92893073984515e+05 5.01262383373494e+05 4.91630690611021e+05
2152 2.48715382501578e-13 9.92862647315701e+05 5.01261261047101e+05 4.91601386268599e+05
2160 2.49639975001583e-13 9.92822920308470e+05 5.01249170565221e+05 4.91573749743248e+05
2168 2.50564567501589e-13 9.92790822226201e+05 5.01216559120588e+05 4.91574263105613e+05
2176 2.51489160001595e-13 9.92737397890794e+05 5.01195373653146e+05 4.91542024237649e+05
2184 2.52413752501600e-13 9.92651045790684e+05 5.01166768859910e+05 4.91484276930774e+05
2192 2.53338345001606e-13 9.92587177371006e+05 5.01124586989302e+05 4.91462590381704e+05
2200 2.54262937501612e-13 9.92485159809630e+05 5.01070030455168e+05 4.91415129354462e+05
2208 2.55187530001617e-13 9.92303782430759e+05 5.00991547774541e+05 4.91312234656218e+05
2216 2.56112122501623e-13 9.92171949942986e+05 5.00924829939953e+05 4.91247120003033e+05
2224 2.57036715001629e-13 9.91990084200814e+05 5.00827780561797e+05 4.91162303639016e+05
2232 2.57961307501634e-13 9.91617265184828e+05 5.00651596864732e+05 4.90965668320096e+05
2240 2.58885900001640e-13 9.91351765207295e+05 5.00514035278114e+05 4.90837729929181e+05
2248 2.59810492501646e-13 9.91006684340752e+05 5.00340814403366e+05 4.90665869937387e+05
2256 2.60735085001652e-13 9.90281510014147e+05 4.99990358711966e+05 4.90291151302181e+05
2264 2.61659677501657e-13 9.89791000153818e+05 4.99730172505704e+05 4.90060827648114e+05
2272 2.62584270001663e-13 9.89138364343358e+05 4.99403925656876e+05 4.89734438686481e+05
2280 2.63508862501669e-13 9.87792174483731e+05 4.98760906501800e+05 4.89031267981931e+05
2288 2.64433455001674e-13 9.86907834766871e+05 4.98284312111003e+05 4.88623522655868e+05
2296 2.65358047501680e-13 9.85750287521588e+05 4.97692310098215e+05 4.88057977423373e+05
2304 2.66282640001686e-13 9.83402616751299e+05 4.96584700117514e+05 4.86817916633784e+05
2312 2.67207232501691e-13 9.81833522521230e+05 4.95756820112175e+05 4.86076702409055e+05
2320 2.68131825001697e-13 9.79975652454115e+05 4.94762424082387e+05 4.85213228371728e+05
2328 2.69056417501703e-13 9.76108978177050e+05 4.92939184845855e+05 4.83169793331195e+05
2336 2.69981010001708e-13 9.73354102274561e+05 4.91548672438847e+05 4.81805429835714e+05
2344 2.70905602501714e-13 9.70602627729720e+05 4.90022902936732e+05 4.80579724792989e+05
2352 2.71830195001720e-13 9.64598772672473e+05 4.87131692565142e+05 4.77467080107331e+05
2360 2.72754787501725e-13 9.59820498886997e+05 4.84836664550991e+05 4.74983834336006e+05
2368 2.73679380001731e-13 9.56007209469377e+05 4.82693880543379e+05 4.73313328925998e+05
2376 2.74603972501737e-13 9.47396782216399e+05 4.78401915088366e+05 4.68994867128034e+05
2384 2.75528565001742e-13 9.39463222103735e+05 4.74682453840890e+05 4.64780768262844e+05
2392 2.76453157501748e-13 9.34310052815358e+05 4.71869198551562e+05 4.62440854263796e+05
2400 2.77377750001754e-13 9.22964308418052e+05 4.65999619724595e+05 4.56964688693457e+05
2408 2.78302342501759e-13 9.10544210330360e+05 4.60142040952808e+05 4.50402169377551e+05
2416 2.79226935001765e-13 9.03407339185131e+05 4.56488429703724e+05 4.46918909481407e+05
2424 2.80151527501771e-13 8.89726862234040e+05 4.49198844223279e+05 4.40528018010761e+05
2432 2.81076120001776e-13 8.71745671886852e+05 4.40517305643496e+05 4.31228366243355e+05
2440 2.82000712501782e-13 8.61436245213718e+05 4.35558211754605e+05 4.25878033459113e+05
2448 2.82925305001788e-13 8.46249549954350e+05 4.27334840351646e+05 4.18914709602704e+05
2456 2.83849897501794e-13 8.22442049198622e+05 4.15503022135852e+05 4.06939027062770e+05
2464 2.84774490001799e-13 8.07313171175099e+05 4.08445234535472e+05 3.98867936639627e+05
2472 2.85699082501805e-13 7.91452209655619e+05 3.99890720971121e+05 3.91561488684498e+05
2480 2.86623675001811e-13 7.62852240622444e+05 3.85268879554275e+05 3.77583361068169e+05
2488 2.87548267501816e-13 7.41331069112411e+05 3.75213126401360e+05 3.66117942711051e+05
2496 2.88472860001822e-13 7.25078273781403e+05 3.66699241275270e+05 3.58379032506132e+05
2504 2.89397452501828e-13 6.93993287190901e+05 3.50414922063170e+05 3.43578365127731e+05
2512 2.90322045001833e-13 6.65400669228288e+05 3.36792569587709e+05 3.28608099640578e+05
2520 2.91246637501839e-13 6.48127631077243e+05 3.28177993706204e+05 3.19949637371038e+05
2528 2.92171230001845e-13 6.17509817155656e+05 3.11838812205497e+05 3.05671004950160e+05
2536 2.93095822501850e-13 5.82790057128780e+05 2.94867091969179e+05 2.87922965159601e+05
2544 2.94020415001856e-13 5.63209569311205e+05 2.85530089586643e+05 2.77679479724562e+05
2552 2.94945007501862e-13 5.35603012175887e+05 2.70663471028043e+05 2.64939541147844e+05
2560 2.95869600001867e-13 4.97476780488598e+05 2.51536806154259e+05 2.45939974334340e+05
2568 2.96794192501873e-13 4.74442993415780e+05 2.40753843789157e+05 2.33689149626623e+05
2576 2.97718785001879e-13 4.51113859329318e+05 2.28267819461414e+05 2.22846039867904e+05
2584 2.98643377501884e-13 4.13430547819850e+05 2.08904717233318e+05 2.04525830586532e+05
2592 2.99567970001890e-13 3.86808980722398e+05 1.96360172937389e+05 1.90448807785009e+05
2600 3.00492562501896e-13 3.67478835942719e+05 1.86289000691584e+05 1.81189835251136e+05
2608 3.01417155001901e-13 3.33987911183059e+05 1.68717088314771e+05 1.65270822868289e+05
2616 3.02341747501907e-13 3.05120280095151e+05 1.54835619743421e+05 1.50284660351729e+05
2624 3.03266340001913e-13 2.88490612005397e+05 1.46554044899607e+05 1.41936567105790e+05
2632 3.04190932501918e-13 2.61644241303521e+05 1.32234921455958e+05 1.29409319847563e+05
2640 3.05115525001924e-13 2.33033883071000e+05 1.18132648737211e+05 1.14901234333789e+05
2648 3.06040117501930e-13 2.17694591457887e+05 1.10798137567331e+05 1.06896453890556e+05
2656 3.06964710001936e-13 1.98077078121524e+05 1.00253567932263e+05 9.78235101892610e+04
2664 3.07889302501941e-13 1.72497192473484e+05 8.73280729641017e+04 8.51691195093823e+04
2672 3.08813895001947e-13 1.57721420316575e+05 8.03672604917052e+04 7.73541598248700e+04
2680 3.09738487501953e-13 1.44315193923180e+05 7.32188104049295e+04 7.10963835182509e+04
2688 3.10663080001958e-13 1.23829039823747e+05 6.26202918471294e+04 6.12087479766178e+04
2696 3.11587672501964e-13 1.09793137047041e+05 5.59477153014214e+04 5.38454217456198e+04
2704 3.12512265001970e-13 1.00759144605479e+05 5.12754348293249e+04 4.94837097761546e+04
2712 3.13436857501975e-13 8.61518641069667e+04 4.35567001483913e+04 4.25951639585754e+04
2720 3.14361450001981e-13 7.36635657060534e+04 3.74861069382225e+04 3.61774587678309e+04
2728 3.15286042501987e-13 6.71942466925285e+04 3.42979130591266e+04 3.28963336334020e+04
2736 3.16210635001992e-13 5.79638597199698e+04 2.93416945503103e+04 2.86221651696594e+04
2744 3.17135227501998e-13 4.79020671365356e+04 2.43135319418188e+04 2.35885351947168e+04
2752 3.18059820002004e-13 4.27341170684841e+04 2.18607810010197e+04 2.08733360674644e+04
2760 3.18984412502009e-13 3.75285979867086e+04 1.90618458391084e+04 1.84667521476001e+04
2768 3.19909005002015e-13 3.04179666086859e+04 1.53983279535493e+04 1.50196386551366e+04
2776 3.20833597502021e-13 2.60062043517224e+04 1.33052337027961e+04 1.27009706489262e+04
2784 3.21758190002026e-13 2.31860439163521e+04 1.18444796373342e+04 1.13415642790178e+04
2792 3.22682782502032e-13 1.89649766105494e+04 9.60097157032670e+03 9.36400504022268e+03
2800 3.23607375002038e-13 1.53718852154910e+04 7.83801632708847e+03 7.53386888840249e+03
2808 3.24531967502043e-13 1.35182362526981e+04 6.94822629202442e+03 6.57000996067366e+03
2816 3.25456560002049e-13 1.14930589438859e+04 5.85486712315411e+03 5.63819182073175e+03
2824 3.26381152502055e-13 9.05152123544281e+03 4.59110416182458e+03 4.46041707361823e+03
2832 3.27305745002061e-13 7.40840552017728e+03 3.80636195542659e+03 3.60204356475069e+03
2840 3.28230337502066e-13 6.38414147883097e+03 3.29177840162336e+03 3.09236307720760e+03
2848 3.29154930002072e-13 5.12228552488055e+03 2.60888156199486e+03 2.51340396288569e+03
2856 3.30079522502078e-13 3.94845874346684e+03 2.03325394709934e+03 1.91520479636751e+03
2864 3.31004115002083e-13 3.43826347168990e+03 1.77200934362126e+03 1.66625412806864e+03
2872 3.31928707502089e-13 2.72494135517136e+03 1.39412585686611e+03 1.33081549830526e+03
2880 3.32853300002095e-13 2.06616912957447e+03 1.06152630421396e+03 1.00464282536051e+03
2888 3.33777892502100e-13 1.79837979854032e+03 9.21597178690471e+02 8.76782619849853e+02
2896 3.34702485002106e-13 1.44644041004217e+03 7.43211556392997e+02 7.03228853649178e+02
2904 3.35627077502112e-13 1.08288348036673e+03 5.57569143408602e+02 5.25314336958123e+02
2912 3.36551670002117e-13 9.21349872587517e+02 4.74137995911639e+02 4.47211876675877e+02
2920 3.37476262502123e-13 7.72773675664287e+02 4.03875268816647e+02 3.68898406847641e+02
2928 3.38400855002129e-13 5.89538252770021e+02 3.14358624959757e+02 2.75179627810264e+02
2936 3.39325447502134e-13 4.98108760472311e+02 2.69020164303626e+02 2.29088596168685e+02
2944 3.40250040002140e-13 4.42560901582776e+02 2.45565142680087e+02 1.96995758902689e+02
2952 3.41174632502146e-13 3.61922186140009e+02 2.10399534288429e+02 1.51522651851581e+02
2960 3.42099225002151e-13 3.10939850844635e+02 1.84940669973170e+02 1.25999180871465e+02
2968 3.43023817502157e-13 2.88252470907904e+02 1.77542325964380e+02 1.10710144943524e+02
2976 3.43948410002163e-13 2.55315580953162e+02 1.63507810260918e+02 9.18077706922443e+01
2984 3.44873002502168e-13 2.27599525286898e+02 1.50288932766903e+02 7.73105925199947e+01
2992 3.45797595002174e-13 2.16387198578668e+02 1.44605614623853e+02 7.17815839548150e+01
3000 3.46722187502180e-13 2.03638995337867e+02 1.38986704241056e+02 6.46522910968108e+01
3008 3.47646780002185e-13 1.90041765206607e+02 1.31124097601461e+02 5.89176676051460e+01
3016 3.48571372502191e-13 1.84407655954752e+02 1.27878887337912e+02 5.65287686168405e+01
3024 3.49495965002197e-13 1.80551548025117e+02 1.26166611431109e+02 5.43849365940083e+01
