#[0]step() [1]time(s) [2]momentum_x_lev0(kg*m/s) [3]momentum_y_lev0(kg*m/s) [4]momentum_z_lev0(kg*m/s)
0 0.00000000000000e+00 0.00000000000000e+00 0.00000000000000e+00 0.00000000000000e+00
8 9.24592500005876e-16 1.27142600240153e-09 -2.19204265049691e-16 -5.83810082124325e-17
16 1.84918500001175e-15 3.97784850020242e-09 -1.49770086861232e-16 9.71616071382725e-16
24 2.77377750001763e-15 6.09720314850172e-09 -1.35747630485946e-16 9.66095311119570e-16
32 3.69837000002350e-15 1.03272159240176e-08 -2.35414417773004e-15 1.32247722783617e-15
40 4.62296250002938e-15 1.80578502506450e-08 -2.74607810510407e-15 4.33012815575774e-16
48 5.54755500003526e-15 2.44010488346195e-08 -2.13846551936032e-15 2.49167637426144e-15
56 6.47214750004113e-15 3.36378006163792e-08 -1.17296030201773e-15 1.37716850841104e-15
64 7.39674000004701e-15 5.34814146709544e-08 -5.98213050467594e-17 2.72564373549808e-15
72 8.32133250005289e-15 7.23579987622385e-08 -8.67888203604550e-16 2.02621046360360e-15
80 9.24592500005877e-15 9.19469876079740e-08 -1.51652496350046e-15 4.32057726378103e-16
88 1.01705175000647e-14 1.37809638319072e-07 -2.55877637836215e-15 7.21598836368143e-16
96 1.10951100000705e-14 1.90698848070529e-07 -1.32036125473771e-15 -3.23133568290598e-16
104 1.20197025000764e-14 2.33495655123836e-07 2.09602716533663e-15 1.06792250429281e-15
112 1.29442950000823e-14 3.29210721930170e-07 -5.71952326859383e-16 4.52941906327943e-17
120 1.38688875000882e-14 4.64933190426294e-07 2.61985916383614e-16 -5.74376948388485e-16
128 1.47934800000941e-14 5.64709311898257e-07 -3.14783347069507e-17 3.76494746751985e-16
136 1.57180725001000e-14 7.46943557640655e-07 -1.64989924176805e-17 -4.90357105851964e-16
144 1.66426650001058e-14 1.06192352301415e-06 9.97904999848098e-16 1.73097632069419e-16
152 1.75672575001117e-14 1.30517526064104e-06 2.11623933345009e-15 6.09584189014319e-16
160 1.84918500001176e-14 1.62924678958369e-06 -2.70220451797375e-16 -8.87493041233879e-17
168 1.94164425001235e-14 2.28715095713053e-06 -1.40873841426759e-15 -2.28342389175121e-16
176 2.03410350001294e-14 2.87417882113409e-06 5.52696322468867e-16 -1.89722159906504e-15
184 2.12656275001352e-14 3.43625470229809e-06 2.53219051417600e-15 -1.75147697565515e-15
192 2.21902200001411e-14 4.67254595897446e-06 1.47138468563973e-15 -5.27314745033211e-16
200 2.31148125001470e-14 6.00836288977774e-06 1.32153362934191e-15 6.04083794711261e-16
208 2.40394050001529e-14 7.01382559184733e-06 -1.27818810039515e-16 1.81510351494542e-16
216 2.49639975001588e-14 9.11182084121563e-06 9.18429123600283e-16 -1.44914522760728e-16
224 2.58885900001647e-14 1.18980928989435e-05 -8.54985089623055e-16 -5.05320313504713e-17
232 2.68131825001705e-14 1.38153298898477e-05 -8.21316617493818e-16 -7.29435248750227e-17
240 2.77377750001764e-14 1.70654967652844e-05 -9.95180414257308e-18 9.54398010020572e-16
248 2.86623675001823e-14 2.23227782173814e-05 -2.44610177722676e-16 -1.11447732833216e-18
256 2.95869600001882e-14 2.61367519135974e-05 -3.87935621670890e-17 9.02811228151079e-16
264 3.05115525001941e-14 3.08448066744597e-05 9.75582855752342e-16 6.28398114113595e-16
272 3.14361450002000e-14 3.97738768723926e-05 1.29670215541107e-15 2.16635388849053e-15
280 3.23607375002058e-14 4.72690409293098e-05 7.73811059327458e-16 1.31680909155372e-15
288 3.32853300002117e-14 5.39298823158101e-05 -4.53740674426515e-16 -1.53392998342895e-15
296 3.42099225002176e-14 6.75758774837655e-05 1.36515189361386e-15 3.69070428104089e-16
304 3.51345150002235e-14 8.14496948331214e-05 5.49874617521506e-16 -1.76124500631711e-15
312 3.60591075002294e-14 9.11793446426911e-05 2.50434840851259e-15 -8.18718509982178e-16
320 3.69837000002352e-14 1.10018474118521e-04 1.64361104912776e-17 -6.86390012613528e-16
328 3.79082925002411e-14 1.33547932313332e-04 5.59368503894733e-16 4.90479006059761e-16
336 3.88328850002470e-14 1.48693870922250e-04 2.79815261617878e-15 1.48126476431720e-16
344 3.97574775002529e-14 1.72449980941704e-04 2.08019310829067e-15 9.74228716048190e-16
352 4.06820700002588e-14 2.08544919012756e-04 1.74966875745912e-15 5.06996154840397e-16
360 4.16066625002647e-14 2.33107624639527e-04 2.21812706838656e-15 6.20681909018598e-16
368 4.25312550002705e-14 2.61145962656519e-04 2.90931363528577e-15 -1.29831350071471e-17
376 4.34558475002764e-14 3.10989725070884e-04 3.47166729592623e-15 8.32257432983360e-16
384 4.43804400002823e-14 3.50285956413062e-04 1.97551455710255e-15 8.81865999461688e-16
392 4.53050325002882e-14 3.82652599622647e-04 3.07962525633713e-15 -8.71112181778738e-16
400 4.62296250002941e-14 4.44595526149154e-04 2.70121515088098e-15 -3.98048651978389e-16
408 4.71542175003000e-14 5.03763245823376e-04 3.88502235832258e-16 -1.71322111562341e-15
416 4.80788100003058e-14 5.42385642295326e-04 -6.26721107872809e-16 -9.71078585858182e-18
424 4.90034025003117e-14 6.11943223965824e-04 -4.54630981770643e-16 1.12506867096041e-15
432 4.99279950003176e-14 6.93540057833822e-04 -4.83463989534902e-16 -1.68768061729264e-16
440 5.08525875003235e-14 7.42646833149218e-04 -2.74742232443234e-16 4.48351364114519e-16
448 5.17771800003294e-14 8.14026663193443e-04 -1.06685559585146e-15 1.17191951351923e-15
456 5.27017725003352e-14 9.15801298728235e-04 -3.11644174332268e-15 4.98573564058365e-16
464 5.36263650003411e-14 9.80754222495293e-04 -3.12475837840779e-15 1.02685685240471e-15
472 5.45509575003470e-14 1.04937762991557e-03 -2.99716089668764e-15 -2.10650359088558e-16
480 5.54755500003529e-14 1.16365045340563e-03 -3.81227134273026e-15 1.41304845206534e-15
488 5.64001425003588e-14 1.24827500158218e-03 -4.37552644164382e-15 1.65998732448709e-15
496 5.73247350003647e-14 1.31289093597434e-03 -1.87608585846914e-15 5.72683949053490e-16
504 5.82493275003705e-14 1.42836931973752e-03 -3.59998571720154e-15 1.49113512389022e-15
512 5.91739200003764e-14 1.53203913851480e-03 -4.72213125446890e-15 2.49396017490065e-15
520 6.00985125003823e-14 1.59500944925739e-03 -2.77073139851614e-16 2.63799721223238e-15
528 6.10231050003882e-14 1.70047654329238e-03 -2.39179461104665e-16 -3.08807052179269e-16
536 6.19476975003941e-14 1.81674924844762e-03 -1.18886204831296e-15 6.41599484308612e-16
544 6.28722900004000e-14 1.88213445781502e-03 3.56035418650068e-15 7.19050762616005e-16
552 6.37968825004058e-14 1.97019943114198e-03 -5.14616909185013e-17 8.61283166304459e-16
560 6.47214750004117e-14 2.08812584231659e-03 -3.42116826951355e-15 9.59348467176902e-16
568 6.56460675004176e-14 2.15866288167722e-03 7.72925561851948e-15 -1.35547715723658e-16
576 6.65706600004235e-14 2.22761416938816e-03 4.36554394883398e-15 3.70205214814259e-16
584 6.74952525004294e-14 2.33527675205426e-03 -6.73415954514907e-15 4.30849028980998e-17
592 6.84198450004352e-14 2.41012393616819e-03 7.23715233399194e-15 5.80018537237086e-16
600 6.93444375004411e-14 2.46307442891432e-03 8.59391899534936e-15 -6.47114932147622e-17
608 7.02690300004470e-14 2.55154308672885e-03 -1.09970906196212e-14 -5.92772829031028e-16
616 7.11936225004529e-14 2.62615236221849e-03 7.64211588606647e-15 -1.08983624548276e-15
624 7.21182150004588e-14 2.66829479652083e-03 1.60322290067874e-14 -1.06346886517718e-15
632 7.30428075004647e-14 2.73400587108398e-03 -2.03035953819976e-14 6.79134123284553e-16
640 7.39674000004705e-14 2.80206382848818e-03 4.64713381252037e-15 -5.62552468856846e-16
648 7.48919925004764e-14 2.83780597835654e-03 2.65530821622680e-14 1.22471375160578e-16
656 7.58165850004823e-14 2.88244651882599e-03 -2.69570776732181e-14 2.05995158637380e-16
664 7.67411775004882e-14 2.93857465939158e-03 -6.59744098650573e-15 5.78776763604737e-16
672 7.76657700004941e-14 2.97003174685931e-03 4.03870496827143e-14 -5.92082310048554e-16
680 7.85903625005000e-14 2.99849247401863e-03 -3.23359740090708e-14 6.29474783351632e-17
688 7.95149550005058e-14 3.04015644441658e-03 -2.81899873230906e-14 -8.70988149482516e-16
696 8.04395475005117e-14 3.06734936658217e-03 5.71171329511712e-14 -3.10083641894769e-16
704 8.13641400005176e-14 3.08517190079412e-03 -2.54753022823268e-14 9.28457897402082e-16
712 8.22887325005235e-14 3.11300744090261e-03 -5.74166451175066e-14 5.85119093418558e-16
720 8.32133250005294e-14 3.13506868514917e-03 6.68683575968631e-14 6.52619935161686e-15
728 8.41379175005352e-14 3.14665192390351e-03 8.75235103267328e-16 9.25295436515959e-14
736 8.50625100005411e-14 3.16346305816961e-03 -1.25326697390542e-13 2.53971291819693e-13
744 8.59871025005470e-14 3.17983301003275e-03 1.46729803445472e-13 -8.10064889827054e-13
752 8.69116950005529e-14 3.18785713120671e-03 -9.15893433695032e-14 8.27623400710737e-13
760 8.78362875005588e-14 3.19714627074975e-03 -1.38992687618230e-13 -8.45759719310378e-13
768 8.87608800005647e-14 3.20812545129543e-03 1.13196670778160e-13 -3.22139770835181e-12
776 8.96854725005705e-14 3.21388704804655e-03 -7.78535628343169e-14 6.73379055494068e-12
784 9.06100650005764e-14 3.21870802692632e-03 -7.82175219310423e-14 -8.50045516477190e-12
792 9.15346575005823e-14 3.22533504416469e-03 9.96657884987530e-14 -6.81457848480088e-12
800 9.24592500005882e-14 3.22939253105058e-03 -8.15232292040363e-14 2.89855934062260e-11
808 9.33838425005941e-14 3.23185375324835e-03 -4.11837773862963e-14 -4.35847125027422e-11
816 9.43084350006000e-14 3.23545378169905e-03 1.73514796381789e-13 2.15182235170539e-13
824 9.52330275006058e-14 3.23813259902189e-03 -1.40382600110154e-13 1.00471661141918e-10
832 9.61576200006117e-14 3.23943878693070e-03 1.15953611315869e-14 -1.76595951782280e-10
840 9.70822125006176e-14 3.24120668965267e-03 2.22058663785119e-13 6.36810647254541e-11
848 9.80068050006235e-14 3.24282305768677e-03 -1.79375069046878e-13 3.02967077426154e-10
856 9.89313975006294e-14 3.24356218735939e-03 1.39494725171974e-13 -6.11030615443838e-10
864 9.98559900006352e-14 3.24435639120517e-03 -7.71435854103699e-15 3.12211273730162e-10
872 1.00780582500641e-13 3.24523711607103e-03 7.48377195826287e-14 8.75415703807679e-10
880 1.01705175000647e-13 3.24566992035995e-03 -2.44501211945314e-14 -1.83354470709793e-09
888 1.02629767500653e-13 3.24600433587876e-03 -4.47960353727892e-14 8.21959971862694e-10
896 1.03554360000659e-13 3.24643540111979e-03 1.11997237616501e-13 2.46276821960340e-09
904 1.04478952500665e-13 3.24668263627087e-03 -2.14748308930566e-14 -4.50141587328173e-09
912 1.05403545000671e-13 3.24681976805972e-03 1.75643406095860e-14 8.62328087400369e-10
920 1.06328137500676e-13 3.24700845735621e-03 7.26637263050641e-14 6.18936936132432e-09
928 1.07252730000682e-13 3.24713818458472e-03 -5.34062126146310e-15 -7.45831054338962e-09
936 1.08177322500688e-13 3.24719552188687e-03 7.28297590121645e-14 -1.32778918398618e-09
944 1.09101915000694e-13 3.24726615585118e-03 4.54591498967520e-14 1.04955454241724e-08
952 1.10026507500700e-13 3.24732689243591e-03 -1.28438326244214e-13 -7.10949623663956e-09
960 1.10951100000706e-13 3.24734783384807e-03 -8.21561908763797e-14 -4.04116399369301e-09
968 1.11875692500712e-13 3.24736872223484e-03 -1.54924103986068e-13 8.60549993407380e-09
976 1.12800285000718e-13 3.24738832900817e-03 -2.56192595514757e-13 -5.51990127837273e-09
984 1.13724877500723e-13 3.24739290909826e-03 -2.00787189409021e-13 2.51277661272434e-09
992 1.14649470000729e-13 3.24739054182227e-03 -1.02542634051161e-13 3.95871001824584e-09
1000 1.15574062500735e-13 3.24739105379190e-03 5.49870540941593e-14 -1.51939927533216e-08
1008 1.16498655000741e-13 3.24738223894259e-03 1.22326702448740e-13 1.20214148786277e-08
1016 1.17423247500747e-13 3.24737208785401e-03 1.24658173487911e-13 1.12589456655903e-08
1024 1.18347840000753e-13 3.24735837047507e-03 1.60434895767851e-13 -2.41313446012056e-08
1032 1.19272432500759e-13 3.24734467614270e-03 2.64425126023980e-14 8.03565333101251e-09
1040 1.20197025000765e-13 3.24732565367924e-03 -1.00192920668813e-13 1.12507202199826e-08
1048 1.21121617500771e-13 3.24730678122951e-03 -8.65943575284560e-14 -1.74150384803089e-08
1056 1.22046210000776e-13 3.24728577571186e-03 -4.96349787259717e-14 1.79838553491048e-08
1064 1.22970802500782e-13 3.24726193807912e-03 1.43022196510573e-13 -4.93570612073850e-09
1072 1.23895395000788e-13 3.24723881169838e-03 3.57800470452812e-13 -2.69309573767261e-08
1080 1.24819987500794e-13 3.24721127068412e-03 4.29066348559280e-13 3.61213749226720e-08
1088 1.25744580000800e-13 3.24718562672934e-03 4.33071714236534e-13 -1.66662476585491e-09
1096 1.26669172500806e-13 3.24715491380341e-03 3.23280650985324e-13 -2.99769572316720e-08
1104 1.27593765000812e-13 3.24712479306033e-03 1.93308958706015e-13 2.94582369049694e-08
1112 1.28518357500818e-13 3.24709373265635e-03 2.25343816410828e-13 -1.60369255453962e-08
1120 1.29442950000823e-13 3.24705893649829e-03 1.99384646907008e-13 -1.27334346662723e-08
1128 1.30367542500829e-13 3.24702548963212e-03 -1.01717793139840e-13 4.72220959325966e-08
1136 1.31292135000835e-13 3.24698869624996e-03 -4.34760163763044e-13 -3.42801940908214e-08
1144 1.32216727500841e-13 3.24695182630933e-03 -4.22667596048577e-13 -2.23532298136814e-08
1152 1.33141320000847e-13 3.24691454936129e-03 -4.89523424957672e-13 4.85253742521600e-08
1160 1.34065912500853e-13 3.24687173346753e-03 -6.54704286518206e-13 -3.25238796573541e-08
1168 1.34990505000859e-13 3.24683510298478e-03 -9.67006513738296e-13 2.47364243941403e-09
1176 1.35915097500865e-13 3.24679113577238e-03 -1.37317192121389e-12 3.94778920550701e-08
1184 1.36839690000871e-13 3.24674809753989e-03 -1.66578500220707e-12 -6.01231845392352e-08
1192 1.37764282500876e-13 3.24670466344435e-03 -1.97955892451187e-12 1.17586341923973e-08
1200 1.38688875000882e-13 3.24665983494000e-03 -1.88639760368674e-12 4.77246963844082e-08
1208 1.39613467500888e-13 3.24661410255725e-03 -1.38349394367415e-12 -5.25431562348008e-08
1216 1.40538060000894e-13 3.24656733569321e-03 -7.90810276945248e-13 2.24111508187067e-08
1224 1.41462652500900e-13 3.24651898293872e-03 5.14565948171149e-14 2.18144407105736e-08
1232 1.42387245000906e-13 3.24647321029595e-03 9.85284947941655e-13 -6.24956218681270e-08
1240 1.43311837500912e-13 3.24642512171199e-03 1.13994541386526e-12 4.40402654619489e-08
1248 1.44236430000918e-13 3.24637558007856e-03 1.29655313663656e-12 2.19128695400880e-08
1256 1.45161022500923e-13 3.24632662318227e-03 1.22841762708489e-12 -6.16864449608122e-08
1264 1.46085615000929e-13 3.24627684410056e-03 7.30419002536105e-13 4.58255122629287e-08
1272 1.47010207500935e-13 3.24622793164602e-03 3.51430985141335e-13 -2.25855794342502e-09
1280 1.47934800000941e-13 3.24617733140092e-03 7.46690026492028e-13 -5.07658920429035e-08
1288 1.48859392500947e-13 3.24612865184506e-03 1.28865804587990e-12 5.88149997045063e-08
1296 1.49783985000953e-13 3.24607844999872e-03 1.33203870999624e-12 -1.34413100920917e-08
1304 1.50708577500959e-13 3.24602659908952e-03 1.84679569890913e-12 -4.08506616414953e-08
1312 1.51633170000965e-13 3.24597887828456e-03 2.65466924113710e-12 5.15575819042298e-08
1320 1.52557762500971e-13 3.24593174337300e-03 2.75685447452639e-12 -2.42796597371805e-08
1328 1.53482355000976e-13 3.24588288260467e-03 2.43008275265980e-12 -2.23342109394279e-08
1336 1.54406947500982e-13 3.24583261335436e-03 2.39094213278950e-12 4.82969395739288e-08
1344 1.55331540000988e-13 3.24578369081511e-03 1.87856620918689e-12 -3.72933962423337e-08
1352 1.56256132500994e-13 3.24573871098111e-03 1.45403425364171e-12 -7.34095039402260e-09
1360 1.57180725001000e-13 3.24569232771947e-03 1.22993169458235e-13 4.48571237995370e-08
1368 1.58105317501006e-13 3.24564626975630e-03 -1.02372992991462e-12 -4.27603764529254e-08
1376 1.59029910001012e-13 3.24559716946279e-03 -1.02599907979463e-12 7.86247452504503e-10
1384 1.59954502501018e-13 3.24555349070626e-03 -9.31696413098688e-13 3.06038774696562e-08
1392 1.60879095001023e-13 3.24551092248184e-03 -1.29110079988898e-12 -3.65049111235807e-08
1400 1.61803687501029e-13 3.24546562595271e-03 -1.57194192578139e-12 1.40029034576750e-08
1408 1.62728280001035e-13 3.24542332637573e-03 -1.92827529029163e-12 1.76557546462174e-08
1416 1.63652872501041e-13 3.24537800208388e-03 -2.87945990511541e-12 -3.96952527705592e-08
1424 1.64577465001047e-13 3.24533689892312e-03 -3.36676807089757e-12 2.12545770818976e-08
1432 1.65502057501053e-13 3.24529580151862e-03 -3.13928791212007e-12 9.92278111083771e-09
1440 1.66426650001059e-13 3.24525732213701e-03 -2.39106377383250e-12 -3.07178381513785e-08
1448 1.67351242501065e-13 3.24521452360585e-03 -2.12056246500925e-12 2.05866610677830e-08
1456 1.68275835001071e-13 3.24517225673902e-03 -1.94291095226773e-12 -1.03637113601727e-09
1464 1.69200427501076e-13 3.24513937933923e-03 -1.00612235878713e-12 -2.29752567045308e-08
1472 1.70125020001082e-13 3.24510114360091e-03 7.60587696797925e-13 2.07570755924669e-08
1480 1.71049612501088e-13 3.24506400340391e-03 1.92545358907918e-12 -4.67558708624013e-09
1488 1.71974205001094e-13 3.24502574401531e-03 3.01635629988498e-12 -1.24359532358638e-08
1496 1.72898797501100e-13 3.24498592134054e-03 3.97721448368305e-12 1.21056597589518e-08
1504 1.73823390001106e-13 3.24495900770775e-03 4.24761606366498e-12 -1.57126656332982e-08
1512 1.74747982501112e-13 3.24492145639528e-03 4.38743376652944e-12 -7.89535466413104e-09
1520 1.75672575001118e-13 3.24488458299963e-03 4.64410242595537e-12 1.37382025764518e-08
1528 1.76597167501123e-13 3.24485036919027e-03 3.78901298818585e-12 -1.22787703411836e-08
1536 1.77521760001129e-13 3.24481811737113e-03 2.35383209152684e-12 -1.06045147040065e-08
1544 1.78446352501135e-13 3.24479074227776e-03 1.22639610933642e-12 1.12917204049715e-08
1552 1.79370945001141e-13 3.24475902729324e-03 -3.28429394923704e-13 -1.91131533623395e-08
1560 1.80295537501147e-13 3.24472720047061e-03 -1.83643301681837e-12 -7.13546985717207e-09
1568 1.81220130001153e-13 3.24469792535301e-03 -3.97274205972754e-12 7.76869277790427e-09
1576 1.82144722501159e-13 3.24466954607503e-03 -4.59240235561471e-12 -7.71654021971220e-09
1584 1.83069315001165e-13 3.24463792956440e-03 -3.49961999110473e-12 5.59582519436272e-10
1592 1.83993907501171e-13 3.24461518940277e-03 -3.92317668134909e-12 -1.06310804536309e-09
1600 1.84918500001176e-13 3.24458370365592e-03 -3.67690547066089e-12 -1.35680601289741e-08
1608 1.85843092501182e-13 3.24455600558590e-03 -2.77374490110495e-12 -1.84644378780029e-09
1616 1.86767685001188e-13 3.24453593399296e-03 -2.54638593343229e-12 -8.07534051565879e-09
1624 1.87692277501194e-13 3.24450957455223e-03 -2.74640555744218e-12 -4.01195901097949e-09
1632 1.88616870001200e-13 3.24448393286635e-03 -2.52762435772099e-12 6.35558696121480e-09
1640 1.89541462501206e-13 3.24445642572490e-03 -2.63729521060793e-12 1.07440650138533e-08
1648 1.90466055001212e-13 3.24443038640413e-03 -1.72580633410888e-12 -6.86662873815601e-09
1656 1.91390647501218e-13 3.24441147789680e-03 3.09091138354105e-13 -1.23707661079334e-08
1664 1.92315240001223e-13 3.24438775441893e-03 1.70465400097531e-12 -1.19238132839267e-08
1672 1.93239832501229e-13 3.24437132058796e-03 2.98564588564870e-12 -1.35130808520606e-08
1680 1.94164425001235e-13 3.24435309258963e-03 3.86022105883967e-12 -7.56201177585144e-09
1688 1.95089017501241e-13 3.24433731928953e-03 4.24676021979913e-12 3.33627550467770e-09
1696 1.96013610001247e-13 3.24432098812538e-03 4.94890589315127e-12 4.72198031527017e-09
1704 1.96938202501253e-13 3.24430105186139e-03 5.99577205521860e-12 7.93909353191612e-09
1712 1.97862795001259e-13 3.24428281065899e-03 6.00297162845259e-12 -1.99681037910978e-09
1720 1.98787387501265e-13 3.24426123998162e-03 6.09615654458619e-12 -7.58241750476169e-09
1728 1.99711980001271e-13 3.24424938658749e-03 5.31678686992789e-12 -1.43281810004283e-08
1736 2.00636572501276e-13 3.24423513404858e-03 4.08410914624568e-12 -1.82279775440717e-08
1744 2.01561165001282e-13 3.24422405246619e-03 2.48554885920812e-12 -2.96819751914904e-08
1752 2.02485757501288e-13 3.24421141833435e-03 4.71440290847503e-13 -1.58370568016243e-08
1760 2.03410350001294e-13 3.24420235403545e-03 -1.48274087420031e-12 -5.09346447620611e-09
1768 2.04334942501300e-13 3.24417772971436e-03 -3.48300315674051e-12 1.20967444950643e-08
1776 2.05259535001306e-13 3.24414898271799e-03 -5.62448418225946e-12 6.03589087220240e-09
1784 2.06184127501312e-13 3.24412319364875e-03 -6.85027040638107e-12 5.40342010341486e-09
1792 2.07108720001318e-13 3.24410605649752e-03 -7.15675215322981e-12 1.76954650569136e-09
1800 2.08033312501323e-13 3.24409412311257e-03 -5.94956861331944e-12 -7.61649873201964e-09
1808 2.08957905001329e-13 3.24408014327970e-03 -5.49208443963683e-12 -1.65681829094260e-08
1816 2.09882497501335e-13 3.24407165942072e-03 -3.26172064542493e-12 -2.41969051376096e-08
1824 2.10807090001341e-13 3.24406170259459e-03 -1.34152963982446e-12 -2.59529549225729e-08
1832 2.11731682501347e-13 3.24404562768527e-03 -2.78205035401096e-13 -2.57058877329018e-08
1840 2.12656275001353e-13 3.24402715896373e-03 3.86004986183397e-13 -7.05731726222649e-09
1848 2.13580867501359e-13 3.24400950558691e-03 1.72234616150904e-12 6.07264528992851e-09
1856 2.14505460001365e-13 3.24399933320992e-03 2.75251630306043e-12 5.56986742244079e-09
1864 2.15430052501371e-13 3.24398427915698e-03 4.46998748894780e-12 -2.32376066444984e-09
1872 2.16354645001376e-13 3.24396913316548e-03 5.00136701159714e-12 -3.16516188087634e-09
1880 2.17279237501382e-13 3.24394926258187e-03 5.20946871367117e-12 -1.08713682700191e-08
1888 2.18203830001388e-13 3.24393594044343e-03 4.51544105476589e-12 -1.27429232762367e-08
1896 2.19128422501394e-13 3.24392074220049e-03 3.48439363780424e-12 -1.00394220867988e-08
1904 2.20053015001400e-13 3.24390032540082e-03 2.89327367395312e-12 1.33862380556652e-09
1912 2.20977607501406e-13 3.24389093427146e-03 1.92087951676056e-12 -1.02766927074455e-08
1920 2.21902200001412e-13 3.24387431327986e-03 4.41147284337748e-13 -1.72348215655313e-08
1928 2.22826792501418e-13 3.24385703836185e-03 7.44127247073285e-13 -2.33351052344604e-08
1936 2.23751385001423e-13 3.24383543770154e-03 1.91569674478947e-12 -2.36355864756877e-08
1944 2.24675977501429e-13 3.24381641953071e-03 2.88866494652464e-12 -1.87625318891560e-08
1952 2.25600570001435e-13 3.24380105326901e-03 3.93888000192082e-12 -1.32910352277437e-08
1960 2.26525162501441e-13 3.24378549605292e-03 3.31757004136053e-12 -7.74796219949210e-09
1968 2.27449755001447e-13 3.24376567947337e-03 1.85195079231374e-12 -4.30256607815006e-09
1976 2.28374347501453e-13 3.24373956192334e-03 5.04773743709812e-13 -1.09569778518722e-09
1984 2.29298940001458e-13 3.24372014404272e-03 -9.55258486014724e-13 -2.22589554593999e-09
1992 2.30223532501464e-13 3.24370467423682e-03 -2.64085694216037e-12 -7.34799660642696e-09
2000 2.31148125001470e-13 3.24368624309160e-03 -4.39208522359191e-12 -1.27601350773783e-08
2008 2.32072717501475e-13 3.24367403960983e-03 -5.25767436457602e-12 -1.62218517016473e-08
2016 2.32997310001481e-13 3.24365020727861e-03 -6.19064165890918e-12 -1.23794467108010e-08
2024 2.33921902501487e-13 3.24363340843625e-03 -6.88048337084535e-12 -1.25064454834680e-08
2032 2.34846495001492e-13 3.24360941679714e-03 -6.62383687963885e-12 -3.63949417499298e-09
2040 2.35771087501498e-13 3.24358366531275e-03 -5.25510805366882e-12 -1.02303033269925e-08
2048 2.36695680001504e-13 3.24356172053393e-03 -4.07373370122151e-12 -1.34777691131998e-08
2056 2.37620272501510e-13 3.24353622025374e-03 -2.83349421036864e-12 -1.73185332687385e-08
2064 2.38544865001515e-13 3.24350389045917e-03 -1.08871350200752e-12 -2.20765992136284e-08
2072 2.39469457501521e-13 3.24347259183944e-03 1.53345337333390e-13 -2.86626283665525e-08
2080 2.40394050001527e-13 3.24343617286167e-03 1.45746968636536e-12 -3.31451907907066e-08
2088 2.41318642501532e-13 3.24341245346960e-03 1.22816302873843e-12 -3.01390305595603e-08
2096 2.42243235001538e-13 3.24337981958744e-03 8.62623817348679e-13 -2.68016946739748e-08
2104 2.43167827501544e-13 3.24333966670772e-03 1.14948126075545e-12 -2.67264831699442e-08
2112 2.44092420001549e-13 3.24329572924368e-03 7.01295708026734e-13 -2.08826894513331e-08
2120 2.45017012501555e-13 3.24325981541741e-03 -8.53354145699846e-13 -1.07456287993359e-08
2128 2.45941605001561e-13 3.24319016135386e-03 -2.55969615468375e-12 -2.26803057271302e-09
2136 2.46866197501566e-13 3.24311197130576e-03 -5.16460177044100e-12 1.07894646116711e-08
2144 2.47790790001572e-13 3.24304148903954e-03 -6.49134220675175e-12 1.04516560624557e-08
2152 2.48715382501578e-13 3.24293478154489e-03 -6.74170581972043e-12 9.81593470554787e-09
2160 2.49639975001583e-13 3.24278871935332e-03 -7.16140364093667e-12 5.48636786642597e-09
2168 2.50564567501589e-13 3.24267262832905e-03 -4.93610274000980e-12 2.84590942829735e-09
2176 2.51489160001595e-13 3.24249672136006e-03 -2.18889675515701e-12 -6.33057722954592e-09
2184 2.52413752501600e-13 3.24219459402053e-03 -1.44352153228401e-12 -9.73703547102581e-09
2192 2.53338345001606e-13 3.24196312164340e-03 5.33110696102967e-13 -3.24860911945644e-08
2200 2.54262937501612e-13 3.24164006855853e-03 1.29782044922560e-12 -4.28154379702352e-08
2208 2.55187530001617e-13 3.24102296735308e-03 1.97934349726036e-12 -5.62133275214230e-08
2216 2.56112122501623e-13 3.24054821729747e-03 4.31956704981477e-12 -7.68291952225483e-08
2224 2.57036715001629e-13 3.23998517922072e-03 4.22060892610362e-12 -8.70229980831148e-08
2232 2.57961307501634e-13 3.23873763186119e-03 2.02813150196086e-12 -6.33471350548544e-08
2240 2.58885900001640e-13 3.23778458478369e-03 3.06566230433852e-12 -8.82428871566936e-08
2248 2.59810492501646e-13 3.23673232965383e-03 3.07861207642059e-12 -3.52691109131387e-08
2256 2.60735085001652e-13 3.23431611071485e-03 1.65426477940353e-13 -2.42469689312890e-08
2264 2.61659677501657e-13 3.23255846447201e-03 4.75306301977728e-13 -1.57555958605422e-08
2272 2.62584270001663e-13 3.23058237515191e-03 4.41041013221134e-13 3.87794930851280e-08
2280 2.63508862501669e-13 3.22610270843069e-03 -3.09909283155627e-12 4.37541157977595e-08
2288 2.64433455001674e-13 3.22294045524351e-03 -2.59656280777120e-12 5.39034453852945e-08
2296 2.65358047501680e-13 3.21944867515111e-03 -1.20363179276783e-12 3.61369456968043e-08
2304 2.66282640001686e-13 3.21166619991502e-03 -4.04354256087223e-12 8.66998267206836e-08
2312 2.67207232501691e-13 3.20606103200705e-03 -3.40689958292147e-12 3.02512044937501e-08
2320 2.68131825001697e-13 3.20046472302751e-03 -2.70243048512779e-12 3.17714795806733e-09
2328 2.69056417501703e-13 3.18776688457465e-03 -5.70634244315841e-12 4.58586704654898e-08
2336 2.69981010001708e-13 3.17792893297654e-03 -2.90471072751904e-12 -6.76674175554335e-08
2344 2.70905602501714e-13 3.16959806617516e-03 -1.28936176869521e-12 -1.80923084902596e-07
2352 2.71830195001720e-13 3.15016503325236e-03 -5.27051268573141e-12 -4.08514706327790e-08
2360 2.72754787501725e-13 3.13317816666174e-03 -6.72187527376788e-13 -2.24082963550199e-07
2368 2.73679380001731e-13 3.12142656996350e-03 8.69938803405107e-13 -2.90280853644133e-07
2376 2.74603972501737e-13 3.09405511388463e-03 -3.52674659741051e-12 -2.56609693255151e-08
2384 2.75528565001742e-13 3.06614452452874e-03 1.31888931597306e-12 -2.82706742142716e-07
2392 2.76453157501748e-13 3.04969142781001e-03 1.61079692796211e-12 -3.09558476786618e-07
2400 2.77377750001754e-13 3.01433196923537e-03 -2.55982795914980e-12 1.03213757402801e-07
2408 2.78302342501759e-13 2.97133911451557e-03 9.07738802075880e-13 -3.42573186050125e-07
2416 2.79226935001765e-13 2.94748847492620e-03 -2.00178611436517e-13 -1.95265933704281e-07
2424 2.80151527501771e-13 2.90562953515691e-03 -1.82323322500235e-12 2.91960472618183e-07
2432 2.81076120001776e-13 2.84464678407299e-03 1.93551443134691e-12 -3.18183141253141e-07
2440 2.82000712501782e-13 2.80889583753206e-03 -7.19238359903914e-13 -2.48407735152731e-08
2448 2.82925305001788e-13 2.76297127491893e-03 -2.35239810407712e-12 4.97759033484306e-07
2456 2.83849897501794e-13 2.68408479624464e-03 1.52412510023507e-12 -3.68080320654541e-07
2464 2.84774490001799e-13 2.63075532780827e-03 -1.29263178544726e-12 1.76723738348220e-07
2472 2.85699082501805e-13 2.58263980067429e-03 -2.77755659523100e-12 5.49189610581102e-07
2480 2.86623675001811e-13 2.49018195912917e-03 5.50300704533360e-13 -4.42744996188892e-07
2488 2.87548267501816e-13 2.41451772491605e-03 -2.41269931223018e-12 2.79725577004498e-07
2496 2.88472860001822e-13 2.36387744040316e-03 -4.22433646986400e-12 5.10148299915763e-07
2504 2.89397452501828e-13 2.26583441666299e-03 -2.76189937652307e-12 -5.57626571776159e-07
2512 2.90322045001833e-13 2.16676226346907e-03 -5.62486745835409e-12 3.47717802094859e-07
2520 2.91246637501839e-13 2.11038151995584e-03 -5.77147332046320e-12 3.93388433791461e-07
2528 2.92171230001845e-13 2.01594871575177e-03 -4.62140052102550e-12 -6.40283178606424e-07
2536 2.93095822501850e-13 1.89814302185766e-03 -3.32432853675091e-12 4.07413142189439e-07
2544 2.94020415001856e-13 1.83133417340129e-03 -2.18528644616561e-12 2.41319477601794e-07
2552 2.94945007501862e-13 1.74749021051222e-03 -3.33810970995918e-12 -6.36888665471404e-07
2560 2.95869600001867e-13 1.62120190676007e-03 9.22793508355791e-13 5.24890564038866e-07
2568 2.96794192501873e-13 1.54079140867826e-03 4.10082441047165e-13 1.66364284592743e-07
2576 2.97718785001879e-13 1.46995085407644e-03 4.13348835749523e-13 -5.04775911040803e-07
2584 2.98643377501884e-13 1.34826630618349e-03 4.94670246194362e-12 6.21328213697288e-07
2592 2.99567970001890e-13 1.25525868243232e-03 1.12602018259482e-12 4.57064491355596e-08
2600 3.00492562501896e-13 1.19512820660450e-03 1.91720238375588e-12 -4.10886086092397e-07
2608 3.01417155001901e-13 1.08969709562758e-03 3.95085737323364e-12 6.05771727389023e-07
2616 3.02341747501907e-13 9.90191193607756e-04 -1.24969997225869e-12 -8.97007209183259e-08
2624 3.03266340001913e-13 9.36062482945158e-04 1.03642979801950e-12 -2.85781135130959e-07
2632 3.04190932501918e-13 8.53480907428499e-04 1.88689641602020e-12 5.50835960903387e-07
2640 3.05115525001924e-13 7.56912364763903e-04 -3.38540257052929e-12 -1.68196298317665e-07
2648 3.06040117501930e-13 7.04735575747713e-04 6.08610773888672e-13 -1.53874647876116e-07
2656 3.06964710001936e-13 6.45332321308277e-04 9.63567997779563e-14 4.85636445950864e-07
2664 3.07889302501941e-13 5.61109034463533e-04 -4.43819930800286e-12 -2.18413346886565e-07
2672 3.08813895001947e-13 5.09710539151143e-04 -9.37910112462304e-13 -3.36474717435151e-08
2680 3.09738487501953e-13 4.69055850126156e-04 -3.04877318130250e-12 3.79651176243444e-07
2688 3.10663080001958e-13 4.03389332489921e-04 -4.55009684402555e-12 -2.26268403912556e-07
2696 3.11587672501964e-13 3.54599987971128e-04 -1.42051417529884e-12 5.87302889947868e-08
2704 3.12512265001970e-13 3.26368851075278e-04 -1.60194215649501e-12 2.89434960292215e-07
2712 3.13436857501975e-13 2.80818394549938e-04 -9.25796236710939e-13 -1.88518782212642e-07
2720 3.14361450001981e-13 2.38109557943559e-04 1.26220914692780e-12 1.18570846881188e-07
2728 3.15286042501987e-13 2.16775220525773e-04 8.86903516649513e-13 1.92399627067427e-07
2736 3.16210635001992e-13 1.88703256103420e-04 3.74494717952498e-13 -1.44487874961562e-07
2744 3.17135227501998e-13 1.55171926001833e-04 2.63617796671174e-13 1.33995867509221e-07
2752 3.18059820002004e-13 1.37347670834538e-04 -3.38615614884874e-13 1.10368659569815e-07
2760 3.18984412502009e-13 1.21688826238594e-04 -1.19583736476931e-12 -9.83479328211052e-08
2768 3.19909005002015e-13 9.87639606616117e-05 -1.30496991110134e-12 1.24272573694770e-07
2776 3.20833597502021e-13 8.34173455255080e-05 -2.58873536534801e-12 7.97700597807580e-08
2784 3.21758190002026e-13 7.46418273276813e-05 -2.41621774743036e-12 -3.39073848017998e-08
2792 3.22682782502032e-13 6.15443222488552e-05 -8.09567487999891e-13 8.99246583364816e-08
2800 3.23607375002038e-13 4.93718867378791e-05 -2.52852424487106e-12 5.22005022376648e-08
2808 3.24531967502043e-13 4.31184086196494e-05 -1.26865358362896e-12 7.03371680925476e-09
2816 3.25456560002049e-13 3.69946828031448e-05 1.20036093514593e-12 7.49146861934079e-08
2824 3.26381152502055e-13 2.91409866328299e-05 4.89003161195779e-13 3.31857049148777e-08
2832 3.27305745002061e-13 2.35084325444998e-05 1.14532888663556e-12 1.17806378063928e-08
2840 3.28230337502066e-13 2.01817455250969e-05 8.06719198524501e-13 -2.44837278610131e-08
2848 3.29154930002072e-13 1.63256889672400e-05 1.04495025498691e-12 9.01770404921665e-08
2856 3.30079522502078e-13 1.23268983665052e-05 1.36214662945646e-12 -1.14715170869360e-07
2864 3.31004115002083e-13 1.06390709394680e-05 1.49794239197074e-12 2.50898631141765e-09
2872 3.31928707502089e-13 8.47191474611762e-06 2.44727912176781e-12 5.00277318324803e-08
2880 3.32853300002095e-13 6.24150258293304e-06 2.14633073193080e-12 -7.73973487124617e-08
2888 3.33777892502100e-13 5.33220083741530e-06 1.51237540436978e-12 1.08910992156119e-08
2896 3.34702485002106e-13 4.26376901652990e-06 3.05958301465070e-14 1.83210674528749e-08
2904 3.35627077502112e-13 3.04539663522147e-06 -1.17477267979401e-12 -5.01673665718936e-08
2912 3.36551670002117e-13 2.47308398925753e-06 -1.07339219221066e-12 2.05371955089488e-08
2920 3.37476262502123e-13 2.00905166176251e-06 -1.19126772723921e-12 4.93000083011316e-09
2928 3.38400855002129e-13 1.39447420183775e-06 -1.82010128003547e-12 -1.50309304859511e-08
2936 3.39325447502134e-13 1.04937117970433e-06 -2.11520893289047e-12 3.02243342348097e-08
2944 3.40250040002140e-13 8.56352019111864e-07 -3.25880020557089e-12 1.02486121173621e-08
2952 3.41174632502146e-13 5.81975292613291e-07 -3.79917274149936e-12 1.06890778103809e-08
2960 3.42099225002151e-13 3.87998207834507e-07 -4.51011366455257e-12 3.42033865003325e-08
2968 3.43023817502157e-13 3.02945626038047e-07 -4.23805212319628e-12 1.66089677894407e-08
2976 3.43948410002163e-13 1.93316557266014e-07 -2.49743543374960e-12 2.24707433305674e-08
2984 3.44873002502168e-13 9.58167518610847e-08 -8.82592499062768e-13 2.96392425770540e-08
2992 3.45797595002174e-13 5.53021268521420e-08 -8.71207251710970e-13 1.46786468278130e-08
3000 3.46722187502180e-13 1.44151039355461e-08 -9.44420022694676e-13 2.01257984103802e-08
3008 3.47646780002185e-13 -3.26967954123830e-08 -2.45512310494000e-12 1.42592314806544e-08
3016 3.48571372502191e-13 -5.55608383313409e-08 -2.78545686047780e-12 2.52501040094104e-09
3024 3.49495965002197e-13 -7.26206167489774e-08 -2.68103331690531e-12 6.58031761075579e-09
