#[0]step() [1]time(s) [2]max_Ex_lev0 (V/m) [3]max_Ey_lev0 (V/m) [4]max_Ez_lev0 (V/m) [5]max_|E|_lev0 (V/m) [6]max_Bx_lev0 (T) [7]max_By_lev0 (T) [8]max_Bz_lev0 (T) [9]max_|B|_lev0 (T)
0 0.00000000000000e+00 0.00000000000000e+00 0.00000000000000e+00 0.00000000000000e+00 0.00000000000000e+00 0.00000000000000e+00 0.00000000000000e+00 0.00000000000000e+00 0.00000000000000e+00
8 9.24592500005876e-16 1.42431931080783e+10 1.09723751188681e+08 2.73832543272053e+11 2.73832553060454e+11 4.50438266541080e-01 9.61729401539279e+02 4.19688262445204e-01 9.61729401539279e+02
16 1.84918500001175e-15 1.74142512215660e+10 1.10104543318577e+08 3.32647898098483e+11 3.32647959756823e+11 4.81820282818964e-01 1.12132366927105e+03 4.31428637622672e-01 1.12132366927105e+03
24 2.77377750001763e-15 1.73135011746174e+10 1.19166315978544e+08 3.81685801339906e+11 3.81685804949312e+11 4.83919590458790e-01 1.11835454472138e+03 5.03857177916076e-01 1.11835454472138e+03
32 3.69837000002350e-15 2.18684366845058e+10 1.26988153561192e+08 4.23251492859287e+11 4.23251493018253e+11 4.95770750200979e-01 1.41857824313371e+03 5.04595295810255e-01 1.41857824313371e+03
40 4.62296250002938e-15 2.38355839832414e+10 1.28735056718153e+08 5.34514071218879e+11 5.34514146715816e+11 4.74089606398427e-01 1.79138524864145e+03 4.46737905219346e-01 1.79138524864145e+03
48 5.54755500003526e-15 2.33031959824820e+10 1.32202916161575e+08 6.67004143841465e+11 6.67004152451107e+11 5.20631032908083e-01 1.87699695855471e+03 4.89342176093751e-01 1.87699695855471e+03
56 6.47214750004113e-15 3.35401230612601e+10 1.16374599260527e+08 6.77875694759836e+11 6.77875701880447e+11 4.57008622960529e-01 2.25321934784125e+03 4.67441772604929e-01 2.25321934784125e+03
64 7.39674000004701e-15 3.38014060162084e+10 1.15763656620207e+08 8.28985035471761e+11 8.28985141864787e+11 4.26106800595445e-01 2.82730629061118e+03 4.42948005035606e-01 2.82730629061118e+03
72 8.32133250005289e-15 3.30089009311926e+10 1.25607606059276e+08 1.06849494973856e+12 1.06849496081335e+12 4.63493063547261e-01 3.32584673002730e+03 4.59080577157701e-01 3.32584673002730e+03
80 9.24592500005877e-15 4.98091749222557e+10 1.11937036368636e+08 1.04361394128499e+12 1.04361397796676e+12 4.80735980852225e-01 3.51680036167585e+03 4.58373642310175e-01 3.51680036167585e+03
88 1.01705175000647e-14 4.83938293255823e+10 1.14805313489407e+08 1.28140461842375e+12 1.28140470228435e+12 4.89684585286840e-01 4.34125383635047e+03 5.01436689727858e-01 4.34125383635047e+03
96 1.10951100000705e-14 4.89939752213318e+10 1.09318403580871e+08 1.58612831677283e+12 1.58612837662603e+12 4.46851606811567e-01 5.33480798583224e+03 4.45981921862710e-01 5.33480798583224e+03
104 1.20197025000764e-14 7.11243053932033e+10 1.22020194536793e+08 1.57985026911080e+12 1.57985030211430e+12 4.40181341040286e-01 5.30657110168218e+03 4.52310173619974e-01 5.30657110168218e+03
112 1.29442950000823e-14 7.09180009916121e+10 1.16077821607261e+08 1.92803117812774e+12 1.92803132406945e+12 4.58229047643757e-01 6.53440366699626e+03 4.59146813569004e-01 6.53440366699626e+03
120 1.38688875000882e-14 7.57221574277234e+10 1.21853233357568e+08 2.32491819074400e+12 2.32491823850062e+12 5.17168696293088e-01 7.83033966402318e+03 4.85219134415409e-01 7.83033966402318e+03
128 1.47934800000941e-14 1.02725144040517e+11 1.14754715980497e+08 2.56278894316241e+12 2.56278912188609e+12 4.70277394285444e-01 7.94548525088035e+03 4.32513917631743e-01 7.94548525088035e+03
136 1.57180725001000e-14 1.05864484542807e+11 1.15721858729895e+08 2.77800715401162e+12 2.77800741024741e+12 4.84039997739721e-01 9.40050284640183e+03 4.48891578186722e-01 9.40050284640183e+03
144 1.66426650001058e-14 1.11491765772324e+11 1.26026549892963e+08 3.41352294579756e+12 3.41352307816634e+12 4.28217667782102e-01 1.14895614839632e+04 4.55375239424520e-01 1.14895614839632e+04
152 1.75672575001117e-14 1.45789172986471e+11 1.09451686330766e+08 4.02301097881106e+12 4.02301115466605e+12 4.29011768533774e-01 1.17334843144116e+04 4.41782872927662e-01 1.17334843144116e+04
160 1.84918500001176e-14 1.60172077515505e+11 1.28963108095952e+08 4.05891431943411e+12 4.05891453147224e+12 4.75150220991753e-01 1.37149805072101e+04 4.42883933450705e-01 1.37149805072101e+04
168 1.94164425001235e-14 1.62841644895869e+11 1.30381406776603e+08 4.80450876420955e+12 4.80450905217529e+12 4.34624625233334e-01 1.61795642748156e+04 4.88009124763174e-01 1.61795642748156e+04
176 2.03410350001294e-14 2.01142551280317e+11 1.09704754359134e+08 5.78386797416442e+12 5.78386812570214e+12 4.77279948793297e-01 1.84098735458775e+04 4.37887815078570e-01 1.84098735458775e+04
184 2.12656275001352e-14 2.27641451955363e+11 1.12264915482681e+08 5.68400628215662e+12 5.68400667924415e+12 4.20545604041907e-01 1.91866871450755e+04 4.17842159075126e-01 1.91866871450755e+04
192 2.21902200001411e-14 2.27941136855780e+11 1.09293266277389e+08 6.65663482976605e+12 6.65663505107797e+12 4.64395545362747e-01 2.24343045637527e+04 4.46881877951956e-01 2.24343045637527e+04
200 2.31148125001470e-14 2.78055873149928e+11 1.14379387241379e+08 7.81762367949226e+12 7.81762418117943e+12 5.21358649051609e-01 2.63975655424708e+04 4.28851098871584e-01 2.63975655424708e+04
208 2.40394050001529e-14 3.12422989138396e+11 1.11467627993311e+08 7.72967313124504e+12 7.72967342161621e+12 4.52924685121882e-01 2.60976621484014e+04 4.24550312714225e-01 2.60976621484014e+04
216 2.49639975001588e-14 3.24260029536282e+11 1.08606169342904e+08 9.11208489620338e+12 9.11208536447184e+12 4.95553632335704e-01 3.07211160401093e+04 4.98026978549920e-01 3.07211160401093e+04
224 2.58885900001647e-14 3.73400060924049e+11 1.06678381433176e+08 1.03272145807903e+13 1.03272154559208e+13 4.42171638672919e-01 3.48477499966194e+04 4.02908110512465e-01 3.48477499966194e+04
232 2.68131825001705e-14 4.15896582956952e+11 1.39639599471198e+08 1.11712214393709e+13 1.11712220488082e+13 4.53127407667417e-01 3.55177340488088e+04 4.69539586819814e-01 3.55177340488088e+04
240 2.77377750001764e-14 4.64588275526745e+11 1.23206087679196e+08 1.19579601344871e+13 1.19579610018749e+13 4.32985864688910e-01 4.03090494432421e+04 4.64765519305810e-01 4.03090494432421e+04
248 2.86623675001823e-14 4.86435311868996e+11 1.25828571295009e+08 1.37836861778472e+13 1.37836868632018e+13 4.83995951258371e-01 4.65268220231195e+04 4.79428934921162e-01 4.65268220231195e+04
256 2.95869600001882e-14 5.49868432835254e+11 1.16002606690719e+08 1.56946110206145e+13 1.56946115833321e+13 4.58719516453350e-01 4.63604928628143e+04 4.72972370576872e-01 4.63604928628143e+04
264 3.05115525001941e-14 6.28080673500105e+11 1.18823293457360e+08 1.56507285333094e+13 1.56507291875749e+13 4.60098003670464e-01 5.27880604275142e+04 4.26412921771980e-01 5.27880604275142e+04
272 3.14361450002000e-14 6.33807754870295e+11 1.09922394737785e+08 1.76981546948603e+13 1.76981559083593e+13 4.35233757658339e-01 5.97131689873482e+04 4.27021896502294e-01 5.97131689873482e+04
280 3.23607375002058e-14 7.00078727243071e+11 1.25387854037584e+08 2.02143213589104e+13 2.02143218010805e+13 4.56626422165214e-01 6.51348795902144e+04 4.22334205903552e-01 6.51348795902144e+04
288 3.32853300002117e-14 7.98051110961637e+11 1.06584203826054e+08 1.99674685244817e+13 1.99674697334028e+13 4.56020842686382e-01 6.73295856297761e+04 4.58898586348532e-01 6.73295856297761e+04
296 3.42099225002176e-14 7.96905230346970e+11 1.31618803798617e+08 2.19936097088091e+13 2.19936105430336e+13 4.26893430049926e-01 7.42314008230831e+04 4.94066309683596e-01 7.42314008230831e+04
304 3.51345150002235e-14 8.76735810128512e+11 1.18017574940019e+08 2.48263654134247e+13 2.48263668065578e+13 4.29369069981306e-01 8.37243460349386e+04 4.31343239733884e-01 8.37243460349386e+04
312 3.60591075002294e-14 9.85793055647612e+11 1.07941940522607e+08 2.44207288971705e+13 2.44207309127098e+13 4.33039410981809e-01 8.23377296781433e+04 4.30114385646213e-01 8.23377296781433e+04
320 3.69837000002352e-14 9.80203604148943e+11 1.10781393504640e+08 2.74535293183454e+13 2.74535308316944e+13 4.60602732070739e-01 9.26331790183210e+04 4.06687923803207e-01 9.26331790183210e+04
328 3.79082925002411e-14 1.07824391699275e+12 1.20324287666834e+08 2.98849836698472e+13 2.98849859702642e+13 4.54971941911693e-01 1.00768179799089e+05 4.44019291747712e-01 1.00768179799089e+05
336 3.88328850002470e-14 1.17798576592654e+12 1.16613063567307e+08 3.10462281423681e+13 3.10462298864696e+13 4.19625965793063e-01 1.01821001503163e+05 4.40184711312038e-01 1.01821001503163e+05
344 3.97574775002529e-14 1.23016482045593e+12 1.08463571869312e+08 3.28468017192311e+13 3.28468041897626e+13 4.58260833681327e-01 1.10806488222102e+05 4.44728564112510e-01 1.10806488222102e+05
352 4.06820700002588e-14 1.27855267048856e+12 1.06551956936578e+08 3.57545001745164e+13 3.57545017909456e+13 4.84384632356984e-01 1.20605901717230e+05 4.43675713586299e-01 1.20605901717230e+05
360 4.16066625002647e-14 1.40855854797011e+12 1.15209913193928e+08 3.90925757396471e+13 3.90925771838139e+13 5.03789277287090e-01 1.21048079271149e+05 4.46237951438301e-01 1.21048079271149e+05
368 4.25312550002705e-14 1.49992513663972e+12 1.28450069675236e+08 3.85496020691188e+13 3.85496037435506e+13 4.37695883936715e-01 1.30083576802240e+05 4.69469900481772e-01 1.30083576802240e+05
376 4.34558475002764e-14 1.50816289079785e+12 1.31424709720761e+08 4.18404364792021e+13 4.18404391538118e+13 4.48429554898459e-01 1.41107252656108e+05 4.09529151996374e-01 1.41107252656108e+05
384 4.43804400002823e-14 1.62459532962611e+12 1.23159558750314e+08 4.51421390537132e+13 4.51421400740536e+13 4.02002673037863e-01 1.47580539924831e+05 4.50875285248841e-01 1.47580539924831e+05
392 4.53050325002882e-14 1.71861378511846e+12 1.25431366302571e+08 4.48366247475152e+13 4.48366275105277e+13 4.23269158272274e-01 1.51261867747164e+05 4.60908477039883e-01 1.51261867747164e+05
400 4.62296250002941e-14 1.72838603978571e+12 1.14789021377530e+08 4.69348370363313e+13 4.69348410647488e+13 4.52678399465487e-01 1.58262960502851e+05 4.36783164178356e-01 1.58262960502851e+05
408 4.71542175003000e-14 1.83079315057120e+12 1.14828799798947e+08 5.04070445454627e+13 5.04070474274667e+13 4.35309146669438e-01 1.70060753949226e+05 4.37509877864289e-01 1.70060753949226e+05
416 4.80788100003058e-14 1.93458504285565e+12 1.07835183674636e+08 4.99884903886077e+13 4.99884945312514e+13 4.52782456799003e-01 1.68607029546523e+05 4.50918569115100e-01 1.68607029546523e+05
424 4.90034025003117e-14 1.91609432881703e+12 1.08019836788809e+08 5.30331540208592e+13 5.30331567816586e+13 4.45240850999281e-01 1.78881239157293e+05 4.43710685036321e-01 1.78881239157293e+05
432 4.99279950003176e-14 2.04272365247192e+12 1.07949243318574e+08 5.53125579033042e+13 5.53125621856117e+13 4.30658433229072e-01 1.86577715038180e+05 4.55290631006327e-01 1.86577715038180e+05
440 5.08525875003235e-14 2.10046234801809e+12 1.00489881443351e+08 5.54059832011847e+13 5.54059859487995e+13 4.46462355475941e-01 1.86931288910781e+05 4.45478135266847e-01 1.86931288910781e+05
448 5.17771800003294e-14 2.12515259055978e+12 1.12698472609010e+08 5.78332322408369e+13 5.78332363871156e+13 4.35032479971777e-01 1.95044843568812e+05 4.61646948036480e-01 1.95044843568812e+05
456 5.27017725003352e-14 2.19866246127654e+12 1.14013770132408e+08 5.93340089687432e+13 5.93340116787569e+13 4.69155335476394e-01 2.00193791107918e+05 4.59817029141706e-01 2.00193791107918e+05
464 5.36263650003411e-14 2.26770116154835e+12 1.46266492314847e+08 6.24083896878578e+13 6.24083918890554e+13 4.58746883596641e-01 2.02564834300781e+05 4.62246132633447e-01 2.02564834300781e+05
472 5.45509575003470e-14 2.33452601863509e+12 1.10537841769964e+08 6.08512387580546e+13 6.08512412669115e+13 4.59051573010826e-01 2.05275343559028e+05 4.61281416185562e-01 2.05275343559028e+05
480 5.54755500003529e-14 2.33563296505447e+12 1.14437724746614e+08 6.32934200812475e+13 6.32934241333523e+13 4.79805742077574e-01 2.13515809266543e+05 4.45334336171584e-01 2.13515809266543e+05
488 5.64001425003588e-14 2.38009758876135e+12 1.14454610760125e+08 6.46017763855409e+13 6.46017777765287e+13 4.22796538225303e-01 2.14122383142526e+05 4.32457089960573e-01 2.14122383142526e+05
496 5.73247350003647e-14 2.40952250530268e+12 1.08949168223291e+08 6.45128008552484e+13 6.45128046630375e+13 4.59639635080630e-01 2.17595901343769e+05 4.45968553845565e-01 2.17595901343769e+05
504 5.82493275003705e-14 2.43114042265923e+12 1.08939509695299e+08 6.47203807018184e+13 6.47203862255775e+13 4.45746630206723e-01 2.18295137656924e+05 4.39799755143905e-01 2.18295137656924e+05
512 5.91739200003764e-14 2.41544669071474e+12 1.13322171215783e+08 6.55807801178661e+13 6.55807836980078e+13 5.21304139591787e-01 2.21196783075967e+05 4.69085025220819e-01 2.21196783075967e+05
520 6.00985125003823e-14 2.46332529481335e+12 1.12131777819947e+08 6.55599051623495e+13 6.55599103829585e+13 4.67650997284955e-01 2.21094264457598e+05 4.46271947655819e-01 2.21094264457598e+05
528 6.10231050003882e-14 2.44160749767713e+12 1.07114351992276e+08 6.56935167635502e+13 6.56935201580816e+13 4.83712406627998e-01 2.21595355818515e+05 4.66472860903259e-01 2.21595355818515e+05
536 6.19476975003941e-14 2.47087710974771e+12 1.09791236117193e+08 6.59625360493207e+13 6.59625410908702e+13 4.84718377297348e-01 2.22470968081584e+05 4.30561231000488e-01 2.22470968081584e+05
544 6.28722900004000e-14 2.45641689005151e+12 1.11154330281822e+08 6.57689225300760e+13 6.57689257284382e+13 4.59655601893146e-01 2.21856174846551e+05 4.51480973453663e-01 2.21856174846551e+05
552 6.37968825004058e-14 2.47785299800449e+12 1.15613645826262e+08 6.63303766298812e+13 6.63303814782404e+13 4.56345136054249e-01 2.23715747659901e+05 4.69710257368244e-01 2.23715747659901e+05
560 6.47214750004117e-14 2.47086439954330e+12 1.10859223103563e+08 6.58064764904907e+13 6.58064794843648e+13 4.07025931907225e-01 2.22002849959817e+05 4.32631392603482e-01 2.22002849959817e+05
568 6.56460675004176e-14 2.48405774073576e+12 1.07706631952313e+08 6.66630466312152e+13 6.66630512740345e+13 4.18974323662089e-01 2.24856703653087e+05 4.13740973638469e-01 2.24856703653087e+05
576 6.65706600004235e-14 2.48479784782636e+12 1.11930035107794e+08 6.58044994840054e+13 6.58045022668529e+13 4.00752153271508e-01 2.22000794604567e+05 4.17342454939995e-01 2.22000794604567e+05
584 6.74952525004294e-14 2.48930255554823e+12 1.29919501367519e+08 6.69588014855297e+13 6.69588059119353e+13 4.36357102547384e-01 2.25864192672130e+05 4.40677023096319e-01 2.25864192672130e+05
592 6.84198450004352e-14 2.49810410650988e+12 1.15338993066241e+08 6.59132587050863e+13 6.59132649576558e+13 4.96265158256326e-01 2.22309338925478e+05 4.65561197502429e-01 2.22309338925478e+05
600 6.93444375004411e-14 2.49337212081432e+12 1.09591032275719e+08 6.72165350183165e+13 6.72165392183592e+13 4.64884667154478e-01 2.26734261469247e+05 3.97481756488412e-01 2.26734261469247e+05
608 7.02690300004470e-14 2.51065373246765e+12 1.12550645864720e+08 6.64553130439362e+13 6.64553190797192e+13 4.62941697778085e-01 2.24149017274243e+05 4.37161138478823e-01 2.24149017274243e+05
616 7.11936225004529e-14 2.49648765268131e+12 1.07229860743325e+08 6.74362678706140e+13 6.74362718354876e+13 4.21598939814918e-01 2.27486079785919e+05 4.36378937995599e-01 2.27486079785919e+05
624 7.21182150004588e-14 2.52234179122482e+12 1.09423828196962e+08 6.69616095712811e+13 6.69616153793284e+13 4.73661789541665e-01 2.25856624856765e+05 4.43198677842268e-01 2.25856624856765e+05
632 7.30428075004647e-14 2.49831508302721e+12 1.19987750193929e+08 6.76169906302678e+13 6.76169943518109e+13 4.87897948521907e-01 2.28111676126856e+05 4.21331513619620e-01 2.28111676126856e+05
640 7.39674000004705e-14 2.53304301088103e+12 1.08525903937617e+08 6.74318527355989e+13 6.74318583039548e+13 4.50276216647250e-01 2.27445194548744e+05 4.16708528866995e-01 2.27445194548744e+05
648 7.48919925004764e-14 2.50589661835426e+12 9.90266195058742e+07 6.77573134332988e+13 6.77573169071025e+13 4.72424501661564e-01 2.28598241364501e+05 4.23802043737500e-01 2.28598241364506e+05
656 7.58165850004823e-14 2.54262582991188e+12 1.08934017782040e+08 6.78654474317163e+13 6.78654527506947e+13 4.20659094692715e-01 2.28916962534545e+05 4.38815516042335e-01 2.28916962534546e+05
664 7.67411775004882e-14 2.52346457718190e+12 1.09271096590667e+08 6.78561915085828e+13 6.78561947265570e+13 4.54067542113809e-01 2.28941650707826e+05 4.31129659403937e-01 2.28941650707827e+05
672 7.76657700004941e-14 2.55094286536341e+12 1.04959071381633e+08 6.82612294510082e+13 6.82612345107494e+13 4.36064974475832e-01 2.30263714847780e+05 3.86934951856529e-01 2.30263714847784e+05
680 7.85903625005000e-14 2.54019910766423e+12 9.84082681002088e+07 6.79128977100029e+13 6.79129006679271e+13 4.25291355831588e-01 2.29141307541541e+05 4.05729959882644e-01 2.29141307541543e+05
688 7.95149550005058e-14 2.55786987160055e+12 1.01351240646139e+08 6.86178967575913e+13 6.86179015470720e+13 4.43306975089205e-01 2.31478238260450e+05 3.83783418583605e-01 2.31478238260460e+05
696 8.04395475005117e-14 2.55598150612933e+12 1.04494717235363e+08 6.79266426004878e+13 6.79266452936672e+13 4.37072327162895e-01 2.29196410616857e+05 3.87681992678147e-01 2.29196410616858e+05
704 8.13641400005176e-14 2.56326758340306e+12 9.70080558811421e+07 6.89344437438250e+13 6.89344482544242e+13 4.30406119216868e-01 2.32555627194267e+05 4.26235421132505e-01 2.32555627194268e+05
712 8.22887325005235e-14 2.57070599691704e+12 1.03432666825546e+08 6.78967198140473e+13 6.78967222469861e+13 4.61563249192458e-01 2.29104265280770e+05 4.23689994021382e-01 2.29104265280771e+05
720 8.32133250005294e-14 2.56701551096083e+12 1.20337016604517e+08 6.92096936363980e+13 6.92096978623897e+13 4.37769866419357e-01 2.33492977999834e+05 4.62255565532393e-01 2.33492977999835e+05
728 8.41379175005352e-14 2.58421620691050e+12 1.04848963463946e+08 6.82762581984613e+13 6.82762645759607e+13 4.31138993957211e-01 2.30301047649539e+05 4.65684426319371e-01 2.30301047649540e+05
736 8.50625100005411e-14 2.56950019943541e+12 1.05020056141908e+08 6.94427517683892e+13 6.94427556985429e+13 4.51710804213079e-01 2.34286516482832e+05 4.14827250802503e-01 2.34286516482835e+05
744 8.59871025005470e-14 2.59641253876468e+12 1.20866982786097e+08 6.88198868777081e+13 6.88198929493295e+13 4.36192260126944e-01 2.32144758856483e+05 3.99834035455432e-01 2.32144758856485e+05
752 8.69116950005529e-14 2.57010405863107e+12 1.08438173139651e+08 6.96403610363042e+13 6.96403646763024e+13 4.57701378923265e-01 2.34957280955725e+05 3.79903069445572e-01 2.34957280955736e+05
760 8.78362875005588e-14 2.60713505649964e+12 1.01677007067912e+08 6.93242743262614e+13 6.93242800826583e+13 4.41068057662816e-01 2.33857353079664e+05 4.09977881702726e-01 2.33857353079666e+05
768 8.87608800005647e-14 2.57661905424509e+12 8.89997889809822e+07 6.97946399627589e+13 6.97946432957640e+13 4.05687514845160e-01 2.35486618553778e+05 4.36265901367423e-01 2.35486618553788e+05
776 8.96854725005705e-14 2.61667977154076e+12 1.00687379069281e+08 6.97882960049847e+13 6.97883014294481e+13 4.90113342381206e-01 2.35435813050679e+05 4.97985878407515e-01 2.35435813050680e+05
784 9.06100650005764e-14 2.59552799743562e+12 9.97836420941513e+07 6.99043161002805e+13 6.99043191236369e+13 4.32898633751166e-01 2.35869492187069e+05 4.47321945987423e-01 2.35869492187073e+05
792 9.15346575005823e-14 2.62456296237859e+12 9.76499959634055e+07 7.02106558098323e+13 7.02106608989071e+13 4.34011430653173e-01 2.36873943644209e+05 4.37468853157106e-01 2.36873943644216e+05
800 9.24592500005882e-14 2.61321840891420e+12 9.97881069875360e+07 6.99682602652292e+13 6.99682629840366e+13 4.18677420043531e-01 2.36100141410483e+05 4.21554166017055e-01 2.36100141410493e+05
808 9.33838425005941e-14 2.63059874798026e+12 1.06834903564813e+08 7.05895407489556e+13 7.05895454931305e+13 4.17224690399827e-01 2.38162363915394e+05 4.46205531830672e-01 2.38162363915403e+05
816 9.43084350006000e-14 2.62970167742306e+12 9.98916144975467e+07 6.99843777458842e+13 6.99843801519833e+13 4.27183934020894e-01 2.36165882323766e+05 4.34740611470615e-01 2.36165882323767e+05
824 9.52330275006058e-14 2.63461058915281e+12 9.94427537877626e+07 7.09233546308864e+13 7.09233590243324e+13 4.23756479600812e-01 2.39293148620481e+05 3.95236771309208e-01 2.39293148620485e+05
832 9.61576200006117e-14 2.64489990421251e+12 9.23071922903656e+07 6.99510567263877e+13 6.99510588221076e+13 4.36037318121658e-01 2.36057417425230e+05 3.95852232559656e-01 2.36057417425238e+05
840 9.70822125006176e-14 2.63687741197852e+12 9.33203745260271e+07 7.12116152743685e+13 7.12116193076194e+13 4.12748832511786e-01 2.40268945490551e+05 4.49650438687413e-01 2.40268945490556e+05
848 9.80068050006235e-14 2.65854503679011e+12 9.31857948642748e+07 7.01103943725243e+13 7.01104008254109e+13 4.58550894487093e-01 2.36526641429738e+05 4.48499249974084e-01 2.36526641429748e+05
856 9.89313975006294e-14 2.63722494957680e+12 9.44478172299905e+07 7.14547504099309e+13 7.14547540837768e+13 4.27322689436670e-01 2.41099671905776e+05 4.34824767558484e-01 2.41099671905777e+05
864 9.98559900006352e-14 2.67038479121401e+12 9.99093238221846e+07 7.06792796889731e+13 7.06792857374371e+13 5.12646980432792e-01 2.38457542179906e+05 4.09854450311791e-01 2.38457542179913e+05
872 1.00780582500641e-13 2.63513651984420e+12 8.70697326147429e+07 7.16515360432545e+13 7.16515393610780e+13 4.08499065357584e-01 2.41779529145875e+05 4.15844822422300e-01 2.41779529145882e+05
880 1.01705175000647e-13 2.68022461722829e+12 9.46856306814918e+07 7.12025765312257e+13 7.12025821681473e+13 3.88330598140086e-01 2.40226260025826e+05 4.27216672799156e-01 2.40226260025840e+05
888 1.02629767500653e-13 2.65131008927240e+12 9.19877898011927e+07 7.17983265076916e+13 7.17983294603145e+13 4.06850484967810e-01 2.42283277047808e+05 4.41701299563508e-01 2.42283277047808e+05
896 1.03554360000659e-13 2.68838618293102e+12 9.67202440988040e+07 7.16815720029319e+13 7.16815772299692e+13 4.86211245839452e-01 2.41849077691879e+05 4.23467634330073e-01 2.41849077691881e+05
904 1.04478952500665e-13 2.67092320820050e+12 9.74903578616575e+07 7.18939868549629e+13 7.18939894580356e+13 4.87677469510374e-01 2.42608129320218e+05 4.27226707218696e-01 2.42608129320218e+05
912 1.05403545000671e-13 2.69456118319488e+12 9.68718692891548e+07 7.21162974836311e+13 7.21163022856805e+13 4.27442432309497e-01 2.43332182054902e+05 4.23116115336888e-01 2.43332182054906e+05
920 1.06328137500676e-13 2.68881133133565e+12 1.07717010211391e+08 7.19410787030574e+13 7.19410809609713e+13 4.56569256017796e-01 2.42778611662462e+05 4.08886911767587e-01 2.42778611662466e+05
928 1.07252730000682e-13 2.69819811398676e+12 1.23927228843802e+08 7.25016515904826e+13 7.25016559618268e+13 4.16416356853897e-01 2.44641457756688e+05 4.32915828477949e-01 2.44641457756693e+05
936 1.08177322500688e-13 2.70479627524612e+12 1.26117691825405e+08 7.19371432744502e+13 7.19371451988480e+13 4.42123701943203e-01 2.42779739902905e+05 4.04701385941071e-01 2.42779739902912e+05
944 1.09101915000694e-13 2.69966293561614e+12 1.57907317300268e+08 7.28366857372868e+13 7.28366896971332e+13 4.89551202985289e-01 2.45774786893129e+05 4.17326804557146e-01 2.45774786893135e+05
952 1.10026507500700e-13 2.71891148367977e+12 1.34948822873992e+08 7.18776184044986e+13 7.18776199984919e+13 4.56787767810411e-01 2.42581409962744e+05 4.26409635082001e-01 2.42581409962751e+05
960 1.10951100000706e-13 2.69878014238515e+12 1.39883630894075e+08 7.31244925292351e+13 7.31244960657817e+13 4.19436971890313e-01 2.46761463342381e+05 4.32887055290724e-01 2.46761463342389e+05
968 1.11875692500712e-13 2.73112035058471e+12 1.66934704317308e+08 7.19020976391549e+13 7.19021037560521e+13 5.23464585030945e-01 2.42602567259565e+05 4.08679067149453e-01 2.42602567259565e+05
976 1.12800285000718e-13 2.69479597950375e+12 1.64026135052631e+08 7.33595941846850e+13 7.33595973019247e+13 4.84473668066388e-01 2.47564592653327e+05 4.27198158875746e-01 2.47564592653331e+05
984 1.13724877500723e-13 2.74086974120121e+12 1.43749636188789e+08 7.24777161666039e+13 7.24777217887916e+13 5.05640004181792e-01 2.44553666191792e+05 4.16777807753210e-01 2.44553666191797e+05
992 1.14649470000729e-13 2.70760567661521e+12 1.56054626495983e+08 7.35404896343081e+13 7.35404923456686e+13 5.50358134858328e-01 2.48178203399163e+05 4.27106540825791e-01 2.48178203399164e+05
1000 1.15574062500735e-13 2.74819731482636e+12 1.49924233300710e+08 7.30073604403412e+13 7.30073655689307e+13 5.14641254217197e-01 2.46350289941985e+05 3.98694467547521e-01 2.46350289941986e+05
1008 1.16498655000741e-13 2.72775745115462e+12 1.80702867455000e+08 7.36702896020092e+13 7.36702919129638e+13 6.69224960454968e-01 2.48637649400373e+05 4.11553249523653e-01 2.48637649400381e+05
1016 1.17423247500747e-13 2.75314683149414e+12 1.85100856278464e+08 7.34807765539316e+13 7.34807811869060e+13 5.78563773304295e-01 2.47959854116870e+05 4.01404414904268e-01 2.47959854116877e+05
1024 1.18347840000753e-13 2.74623639093806e+12 1.76459076297421e+08 7.37452566763651e+13 7.37452586022655e+13 6.02306700013577e-01 2.48879636937564e+05 4.13650150477364e-01 2.48879636937583e+05
1032 1.19272432500759e-13 2.75488667843877e+12 2.05890893735558e+08 7.39059309856632e+13 7.39059351287488e+13 5.96728108741465e-01 2.49416822486981e+05 4.18620130794807e-01 2.49416822486983e+05
1040 1.20197025000765e-13 2.76212568168031e+12 2.09203406711458e+08 7.37603333774803e+13 7.37603349094943e+13 8.23575865971010e-01 2.48958252748376e+05 4.43857945599081e-01 2.48958252748382e+05
1048 1.21121617500771e-13 2.75473997952702e+12 1.99274277018296e+08 7.42838646557979e+13 7.42838681936043e+13 6.99030309058612e-01 2.50659918940714e+05 4.30405769113853e-01 2.50659918940725e+05
1056 1.22046210000776e-13 2.77531782522043e+12 2.43773357422579e+08 7.37181761664627e+13 7.37181773119575e+13 8.85158062725157e-01 2.48857298391119e+05 4.77484132010563e-01 2.48857298391129e+05
1064 1.22970802500782e-13 2.75128719814074e+12 2.25131301188303e+08 7.45971186085317e+13 7.45971214451737e+13 7.72994354779545e-01 2.51746793614683e+05 4.66795337048146e-01 2.51746793614684e+05
1072 1.23895395000788e-13 2.78745486142964e+12 2.19145940054368e+08 7.36277585768999e+13 7.36277592450797e+13 7.77329273805506e-01 2.48497582885556e+05 4.63765422218910e-01 2.48497582885560e+05
1080 1.24819987500794e-13 2.74482260760005e+12 2.38156733287351e+08 7.48500736120293e+13 7.48500770764618e+13 6.67925641666910e-01 2.52687886555379e+05 5.11713870765025e-01 2.52687886555383e+05
1088 1.25744580000800e-13 2.79693097880051e+12 2.26886539060934e+08 7.35874546985400e+13 7.35874615324631e+13 7.04852353862116e-01 2.48232368850512e+05 4.55376756263941e-01 2.48232368850521e+05
1096 1.26669172500806e-13 2.76458141049543e+12 2.03500951150399e+08 7.50479606375243e+13 7.50479644010648e+13 7.90715855802303e-01 2.53394005302913e+05 5.05316271864120e-01 2.53394005302915e+05
1104 1.27593765000812e-13 2.80451337674978e+12 2.36505360227293e+08 7.41522238333338e+13 7.41522313467360e+13 7.54742758678994e-01 2.50141241395191e+05 4.43380993266582e-01 2.50141241395198e+05
1112 1.28518357500818e-13 2.78964810790145e+12 2.43515458994544e+08 7.52049798699771e+13 7.52049855239065e+13 8.70251011818298e-01 2.53891875246161e+05 4.99664788376887e-01 2.53891875246168e+05
1120 1.29442950000823e-13 2.81241886265244e+12 2.45065057318320e+08 7.46439977267897e+13 7.46440095015626e+13 8.68570209871954e-01 2.51887380978575e+05 5.60594721724756e-01 2.51887380978593e+05
1128 1.30367542500829e-13 2.81403503559317e+12 2.18427783134588e+08 7.53076563826562e+13 7.53076671389865e+13 8.21708774778720e-01 2.54120941030545e+05 4.97800267103783e-01 2.54120941030553e+05
1136 1.31292135000835e-13 2.82328070083400e+12 3.21928373307486e+08 7.50842010460911e+13 7.50842017613085e+13 8.29925712215021e-01 2.53476987231150e+05 5.42568733540256e-01 2.53476987231151e+05
1144 1.32216727500841e-13 2.83972442444008e+12 2.21975068688087e+08 7.53366211101349e+13 7.53366262139256e+13 8.42554001996244e-01 2.54233842171208e+05 5.29532065321451e-01 2.54233842171217e+05
1152 1.33141320000847e-13 2.83695058447168e+12 2.24125539643605e+08 7.54890538496955e+13 7.54890612513094e+13 8.47189974686522e-01 2.54751914139535e+05 4.82940777995783e-01 2.54751914139538e+05
1160 1.34065912500853e-13 2.86965028490147e+12 2.58707217818120e+08 7.52897074999287e+13 7.52897279451939e+13 8.92271380547227e-01 2.54161349221216e+05 4.80989865174606e-01 2.54161349221218e+05
1168 1.34990505000859e-13 2.85025049517185e+12 2.31390392113660e+08 7.58277687657214e+13 7.58278336167635e+13 7.52827231839618e-01 2.55895991821524e+05 5.43993362366721e-01 2.55895991821536e+05
1176 1.35915097500865e-13 2.90679862569498e+12 2.34179010439984e+08 7.52074589247907e+13 7.52075125659404e+13 7.50614915811559e-01 2.53819415760642e+05 4.97585550689188e-01 2.53819415760659e+05
1184 1.36839690000871e-13 2.88589995809315e+12 2.34405202627725e+08 7.60904619740890e+13 7.60905257671104e+13 8.60410260043392e-01 2.56847917075752e+05 5.17338111832308e-01 2.56847917075752e+05
1192 1.37764282500876e-13 2.95140663585599e+12 2.50606437660336e+08 7.50441912802850e+13 7.50443029841033e+13 8.74283223757987e-01 2.53307902064264e+05 5.22476420825289e-01 2.53307902064298e+05
1200 1.38688875000882e-13 2.94812639008851e+12 2.31964506340323e+08 7.63169373378565e+13 7.63170775139386e+13 9.15353771644775e-01 2.57550778102032e+05 5.69212755228657e-01 2.57550778102038e+05
1208 1.39613467500888e-13 3.01002716273931e+12 2.66219814219463e+08 7.50139390074840e+13 7.50141133886828e+13 8.01124827393181e-01 2.53220809679712e+05 5.21928182495945e-01 2.53220809679714e+05
1216 1.40538060000894e-13 3.03391021703473e+12 2.52489940196646e+08 7.64582871846717e+13 7.64585474509874e+13 8.97642121009989e-01 2.58096756982726e+05 5.53694462634981e-01 2.58096756982738e+05
1224 1.41462652500900e-13 3.08296764559754e+12 2.58850007564692e+08 7.55468689503412e+13 7.55471945061405e+13 8.62297449149460e-01 2.54932490184131e+05 5.48699523462409e-01 2.54932490184151e+05
1232 1.42387245000906e-13 3.11154030758129e+12 2.95598157554931e+08 7.65541510810195e+13 7.65546124653449e+13 8.31430648900731e-01 2.58391289214905e+05 4.88088193997292e-01 2.58391289214918e+05
1240 1.43311837500912e-13 3.13488711772259e+12 2.68534838399418e+08 7.59959747529609e+13 7.59965542724104e+13 7.96378029622498e-01 2.56540549982377e+05 5.80571310897247e-01 2.56540549982431e+05
1248 1.44236430000918e-13 3.18053336831417e+12 2.42984114671199e+08 7.65701781626185e+13 7.65709467689160e+13 8.09783687171971e-01 2.58490275483102e+05 5.55249734899101e-01 2.58490275483127e+05
1256 1.45161022500923e-13 3.16471581674551e+12 2.53013564255930e+08 7.64084691121545e+13 7.64093427891818e+13 9.40179391045373e-01 2.57877939536146e+05 5.35967047511524e-01 2.57877939536257e+05
1264 1.46085615000929e-13 3.23026893013559e+12 2.37822469605425e+08 7.65358622003504e+13 7.65366396954079e+13 8.47081543503544e-01 2.58327007921299e+05 6.96004614598308e-01 2.58327007921300e+05
1272 1.47010207500935e-13 3.19282671583406e+12 2.93256099014501e+08 7.67321135553051e+13 7.67326492392041e+13 9.26427162866178e-01 2.58990728324472e+05 4.97659072790188e-01 2.58990728324478e+05
1280 1.47934800000941e-13 3.22775702296851e+12 2.76830758145251e+08 7.64303559743593e+13 7.64308249988008e+13 9.92364773873839e-01 2.57992528225231e+05 5.62286541871441e-01 2.57992528225235e+05
1288 1.48859392500947e-13 3.18996519026581e+12 2.71176384226436e+08 7.70065692080173e+13 7.70069053938764e+13 1.08768288287707e+00 2.59973060130910e+05 5.62246410385850e-01 2.59973060130976e+05
1296 1.49783985000953e-13 3.22479708685556e+12 2.51641577396030e+08 7.62482186017407e+13 7.62485151858911e+13 9.41304318163414e-01 2.57396125270750e+05 6.12316328151536e-01 2.57396125270773e+05
1304 1.50708577500959e-13 3.15864525092723e+12 2.53992401195425e+08 7.72167386347047e+13 7.72169189548999e+13 8.78331731099582e-01 2.60600589778671e+05 6.30585373275334e-01 2.60600589778722e+05
1312 1.51633170000965e-13 3.16228611614537e+12 2.55212439553367e+08 7.60272090593760e+13 7.60273750206527e+13 9.26181716759101e-01 2.56620766172346e+05 6.73526315409466e-01 2.56620766172351e+05
1320 1.52557762500971e-13 3.14535408469108e+12 2.97115040357101e+08 7.73685726678272e+13 7.73686741758588e+13 1.00712118893942e+00 2.61151093945607e+05 5.79676345441032e-01 2.61151093945790e+05
1328 1.53482355000976e-13 3.11347378068224e+12 2.66822101360880e+08 7.61650189589802e+13 7.61651771598190e+13 9.33174461899760e-01 2.57097102802337e+05 5.97486253825830e-01 2.57097102802416e+05
1336 1.54406947500982e-13 3.09898493535038e+12 2.74341111198832e+08 7.74154002229017e+13 7.74154503593025e+13 9.74712086336717e-01 2.61352116960218e+05 5.54748774358112e-01 2.61352116960276e+05
1344 1.55331540000988e-13 3.06083185125385e+12 2.72280958075680e+08 7.65846141707656e+13 7.65846940731524e+13 8.89697700636372e-01 2.58561076290067e+05 5.74170485891753e-01 2.58561076290179e+05
1352 1.56256132500994e-13 3.04605736897929e+12 2.81097524817107e+08 7.74513702729610e+13 7.74513864004157e+13 8.37018720559465e-01 2.61524735326246e+05 6.06300131552854e-01 2.61524735326280e+05
1360 1.57180725001000e-13 3.00193768063153e+12 2.65379375859709e+08 7.70157236426000e+13 7.70157669291712e+13 8.13391665769803e-01 2.59991820536612e+05 5.56947010915090e-01 2.59991820536757e+05
1368 1.58105317501006e-13 3.06072684573114e+12 2.55907925206947e+08 7.73747593727041e+13 7.73747630657132e+13 8.83997005052739e-01 2.61265083819940e+05 6.09475400025650e-01 2.61265083819971e+05
1376 1.59029910001012e-13 3.04094439078668e+12 2.87052802796871e+08 7.73207750117674e+13 7.73207965748811e+13 8.77893872842988e-01 2.61030671908324e+05 5.83723922149835e-01 2.61030671908446e+05
1384 1.59954502501018e-13 3.06511683607277e+12 2.41458733963104e+08 7.72158590183726e+13 7.72158592821029e+13 9.27054157518128e-01 2.60718231537549e+05 5.57669269875412e-01 2.60718231537578e+05
1392 1.60879095001023e-13 3.03950064849137e+12 2.59289124842648e+08 7.75445791671826e+13 7.75445844243239e+13 8.74488008091215e-01 2.61728186229206e+05 5.82593459943006e-01 2.61728186229227e+05
1400 1.61803687501029e-13 3.06178736774787e+12 2.34606109566758e+08 7.70353280837209e+13 7.70353324601789e+13 8.06776495232473e-01 2.60100078194183e+05 5.93077384197422e-01 2.60100078194606e+05
1408 1.62728280001035e-13 3.04702319934677e+12 2.53936544179752e+08 7.77525350548877e+13 7.77525350896087e+13 8.32267714085624e-01 2.62451119338688e+05 6.14378331899709e-01 2.62451119338989e+05
1416 1.63652872501041e-13 3.04263430985933e+12 2.36399300256375e+08 7.68324764258181e+13 7.68324811783352e+13 8.28107184129080e-01 2.59389661273319e+05 5.64822107201519e-01 2.59389661273351e+05
1424 1.64577465001047e-13 3.04213823079835e+12 2.66096921131151e+08 7.79283359428843e+13 7.79283359441865e+13 9.57919321521569e-01 2.63104069451748e+05 6.07711481692435e-01 2.63104069452005e+05
1432 1.65502057501053e-13 2.99308980004758e+12 2.38567625969430e+08 7.65046056362408e+13 7.65046189953315e+13 9.35100355816626e-01 2.58287103352481e+05 7.62930543676969e-01 2.58287103352591e+05
1440 1.66426650001059e-13 3.03589702478576e+12 2.41298372783879e+08 7.79812768378640e+13 7.79812778471600e+13 8.28025182436357e-01 2.63258469482082e+05 6.14288299914422e-01 2.63258469482239e+05
1448 1.67351242501065e-13 2.97500667892209e+12 2.57190497004129e+08 7.69171591086659e+13 7.69171630484777e+13 8.85437830873519e-01 2.59620057124562e+05 6.13906737806498e-01 2.59620057124586e+05
1456 1.68275835001071e-13 3.01438771550285e+12 2.60389009149166e+08 7.79179525004406e+13 7.79179529254345e+13 9.76037613534134e-01 2.63062366234498e+05 6.67401187468335e-01 2.63062366234609e+05
1464 1.69200427501076e-13 2.99032338110868e+12 2.62422482523240e+08 7.72254363375898e+13 7.72254451911624e+13 9.24071098769740e-01 2.60714025547082e+05 6.86108959281964e-01 2.60714025547102e+05
1472 1.70125020001082e-13 3.00395169714391e+12 2.75834093834878e+08 7.77682569258599e+13 7.77682612991624e+13 9.26654609403355e-01 2.62516485054652e+05 6.58071388902286e-01 2.62516485054755e+05
1480 1.71049612501088e-13 2.98828287304412e+12 2.60002335662533e+08 7.74577923240991e+13 7.74577980920671e+13 9.39073837119845e-01 2.61501010874058e+05 6.45718614523041e-01 2.61501010874081e+05
1488 1.71974205001094e-13 2.96380944249336e+12 2.72105398582147e+08 7.75753721242072e+13 7.75753759201593e+13 9.54136099983845e-01 2.61861395520748e+05 7.43333741597879e-01 2.61861395520782e+05
1496 1.72898797501100e-13 2.95124078341641e+12 2.58277113855193e+08 7.76730530916393e+13 7.76730646483777e+13 8.54441881895854e-01 2.62203227860804e+05 6.60693722378017e-01 2.62203227860883e+05
1504 1.73823390001106e-13 2.91625096619711e+12 2.93156049969383e+08 7.73652768219845e+13 7.73652804774698e+13 8.78285305086097e-01 2.61160409879102e+05 6.40768524413357e-01 2.61160409879156e+05
1512 1.74747982501112e-13 2.93422300154732e+12 2.65531639506328e+08 7.78551747211160e+13 7.78551970328755e+13 8.55763663456070e-01 2.62804709410428e+05 6.06564822068755e-01 2.62804709410451e+05
1520 1.75672575001118e-13 2.89320907711270e+12 2.61269220584945e+08 7.71211222408610e+13 7.71211373748678e+13 1.00995512571520e+00 2.60253220613592e+05 6.24577559678877e-01 2.60253220613597e+05
1528 1.76597167501123e-13 2.93773569033731e+12 2.77118450227216e+08 7.79980189569514e+13 7.79980426907981e+13 9.07257554708783e-01 2.63287943210892e+05 6.28201054174566e-01 2.63287943210896e+05
1536 1.77521760001129e-13 2.88529568760750e+12 3.03599609285709e+08 7.68296232813677e+13 7.68296374740336e+13 9.07700355707526e-01 2.59320210215922e+05 7.41679448814511e-01 2.59320210215960e+05
1544 1.78446352501135e-13 2.93585172214292e+12 3.17158552840281e+08 7.80893358829278e+13 7.80893639822105e+13 9.17340928535274e-01 2.63637597292993e+05 6.53532164305077e-01 2.63637597293027e+05
1552 1.79370945001141e-13 2.90226964212324e+12 2.75580627929242e+08 7.67573763797276e+13 7.67574161821199e+13 9.17557885329753e-01 2.59097322159529e+05 6.02563699348425e-01 2.59097322159700e+05
1560 1.80295537501147e-13 2.92666451256266e+12 2.94138557173004e+08 7.81160324071127e+13 7.81160521656048e+13 9.36646574683012e-01 2.63762177324158e+05 6.35530363997700e-01 2.63762177324169e+05
1568 1.81220130001153e-13 2.92036904054724e+12 2.74242819883488e+08 7.71657416791509e+13 7.71657526703218e+13 8.64255964373585e-01 2.60559632562713e+05 6.85231310197374e-01 2.60559632562717e+05
1576 1.82144722501159e-13 2.93313050176657e+12 2.99079620926273e+08 7.80596994046332e+13 7.80597111814310e+13 9.74955709761294e-01 2.63563050075717e+05 5.96454429538187e-01 2.63563050075731e+05
1584 1.83069315001165e-13 2.92388322906410e+12 2.74806013722568e+08 7.75035352195608e+13 7.75035602785791e+13 9.12007278261128e-01 2.61748739635737e+05 6.36907954576951e-01 2.61748739635827e+05
1592 1.83993907501171e-13 2.91721151392454e+12 2.71509144972178e+08 7.79204602539128e+13 7.79204719034846e+13 8.71303701406034e-01 2.63131825302963e+05 7.02155094514078e-01 2.63131825303278e+05
1600 1.84918500001176e-13 2.91926170099648e+12 3.16060178416267e+08 7.77526138416645e+13 7.77526355296976e+13 8.98458655948651e-01 2.62509990523617e+05 6.80701701970609e-01 2.62509990523680e+05
1608 1.85843092501182e-13 2.90943824829292e+12 2.55316738584036e+08 7.76739475538180e+13 7.76739525965197e+13 9.88399191274279e-01 2.62291074292538e+05 6.47426302514141e-01 2.62291074292539e+05
1616 1.86767685001188e-13 2.92164016802897e+12 3.67772416553911e+08 7.78957904786076e+13 7.78958041101918e+13 9.14525138011165e-01 2.63025588506244e+05 6.74872618591559e-01 2.63025588506253e+05
1624 1.87692277501194e-13 2.89866858334801e+12 3.03380018741490e+08 7.73487706044758e+13 7.73487792506362e+13 1.09779837474397e+00 2.61130625717838e+05 6.43651213079593e-01 2.61130625717846e+05
1632 1.88616870001200e-13 2.92787362611245e+12 3.22740405044283e+08 7.79559647178047e+13 7.79559714421330e+13 1.16122161090787e+00 2.63207499131403e+05 6.60204835488651e-01 2.63207499131442e+05
1640 1.89541462501206e-13 2.88661718395226e+12 2.99484331278291e+08 7.69263541419768e+13 7.69263618803757e+13 9.96287455187849e-01 2.59701312692851e+05 6.39717559537654e-01 2.59701312692878e+05
1648 1.90466055001212e-13 2.91823030002984e+12 3.23201571580439e+08 7.79097015598857e+13 7.79097101587674e+13 1.03810316086587e+00 2.63031337251715e+05 6.22962747244841e-01 2.63031337251778e+05
1656 1.91390647501218e-13 2.87058707089241e+12 3.84879211038616e+08 7.63970384909539e+13 7.63970428962896e+13 9.83451883553544e-01 2.57959908615601e+05 6.84371127755899e-01 2.57959908615617e+05
1664 1.92315240001223e-13 2.92300064016271e+12 3.08377245126244e+08 7.77710498285005e+13 7.77710657480957e+13 9.51229980068802e-01 2.62599270915562e+05 6.62958378657859e-01 2.62599270915649e+05
1672 1.93239832501229e-13 2.87475728974402e+12 3.48207742061534e+08 7.65602949366856e+13 7.65603107353664e+13 1.04109409405253e+00 2.58501775856580e+05 6.57761530963796e-01 2.58501775856680e+05
1680 1.94164425001235e-13 2.90311500937040e+12 3.43468662286175e+08 7.75604475462202e+13 7.75604580679875e+13 1.06765288865780e+00 2.61852690421909e+05 6.65138169685930e-01 2.61852690422209e+05
1688 1.95089017501241e-13 2.87716266934548e+12 3.18762325063324e+08 7.67377908360994e+13 7.67378085088087e+13 1.22815928085497e+00 2.58994004436664e+05 6.70965298012244e-01 2.58994004436714e+05
1696 1.96013610001247e-13 2.87864257581688e+12 3.36405442526109e+08 7.72634718135756e+13 7.72634867911037e+13 9.98026666121035e-01 2.60855138335384e+05 6.60914829339569e-01 2.60855138335419e+05
1704 1.96938202501253e-13 2.86204556994119e+12 3.91665151508045e+08 7.68258285703846e+13 7.68258556563150e+13 9.89428376118501e-01 2.59317652266198e+05 6.56190942287127e-01 2.59317652266268e+05
1712 1.97862795001259e-13 2.85891334447379e+12 3.22232621358621e+08 7.69137792936902e+13 7.69137912802171e+13 1.02695229782591e+00 2.59560017074765e+05 8.46203359874205e-01 2.59560017074850e+05
1720 1.98787387501265e-13 2.85676485997707e+12 3.53496913961450e+08 7.68452926428032e+13 7.68453157419607e+13 1.16531398133090e+00 2.59382102470867e+05 8.06017218834632e-01 2.59382102470909e+05
1728 1.99711980001271e-13 2.84514351541586e+12 3.56813436712689e+08 7.64865469260955e+13 7.64865558275732e+13 1.00519310983441e+00 2.58146801705139e+05 6.95893056012558e-01 2.58146801705140e+05
1736 2.00636572501276e-13 2.86347337431897e+12 3.58722895682355e+08 7.68115340649206e+13 7.68115621636282e+13 1.27726118250284e+00 2.59194005746934e+05 7.95599627690905e-01 2.59194005746991e+05
1744 2.01561165001282e-13 2.83451508544938e+12 3.46734971852280e+08 7.60024638782242e+13 7.60024755515885e+13 1.05274400612247e+00 2.56497737621043e+05 7.63225295187079e-01 2.56497737621052e+05
1752 2.02485757501288e-13 2.87132571166773e+12 3.31719005511809e+08 7.66927990753358e+13 7.66928281945004e+13 1.08661715282677e+00 2.58835188247360e+05 6.69544462554697e-01 2.58835188247422e+05
1760 2.03410350001294e-13 2.83953318259680e+12 3.37637608625648e+08 7.54528799528442e+13 7.54528918986570e+13 1.16604645028688e+00 2.54685411138887e+05 7.03834929206216e-01 2.54685411138889e+05
1768 2.04334942501300e-13 2.88852262492634e+12 3.49128266572597e+08 7.65254420926837e+13 7.65254584293689e+13 9.85140554786134e-01 2.58256051818136e+05 7.77613724081318e-01 2.58256051818179e+05
1776 2.05259535001306e-13 2.86020584765504e+12 3.41265042041140e+08 7.50190495287963e+13 7.50190746068565e+13 1.09375061475636e+00 2.53161469941833e+05 7.61012971117524e-01 2.53161469941852e+05
1784 2.06184127501312e-13 2.89448413880380e+12 3.41772759721334e+08 7.62868935779077e+13 7.62869196301355e+13 1.05549372730379e+00 2.57483968642958e+05 7.32171683677075e-01 2.57483968642958e+05
1792 2.07108720001318e-13 2.88251259869962e+12 3.24156349777477e+08 7.51501014953426e+13 7.51501356991050e+13 1.08790558719555e+00 2.53645859131659e+05 7.46751005592462e-01 2.53645859131677e+05
1800 2.08033312501323e-13 2.90017621846680e+12 3.52980931875162e+08 7.60004145881568e+13 7.60004472339038e+13 1.04327136177876e+00 2.56469098167675e+05 7.48289878945166e-01 2.56469098167681e+05
1808 2.08957905001329e-13 2.90037295221050e+12 3.56780214163854e+08 7.52313453388638e+13 7.52313897222615e+13 1.04163350161542e+00 2.53902158547020e+05 7.55115437636389e-01 2.53902158547059e+05
1816 2.09882497501335e-13 2.89973959917437e+12 3.32266754887537e+08 7.56693963629408e+13 7.56694190622119e+13 1.20138482721091e+00 2.55343004957474e+05 7.12405959127782e-01 2.55343004957592e+05
1824 2.10807090001341e-13 2.92356868676177e+12 3.37189845966899e+08 7.52678993158010e+13 7.52679314761630e+13 1.01161680739621e+00 2.53967853232242e+05 7.13073817701393e-01 2.53967853232356e+05
1832 2.11731682501347e-13 2.90788952481286e+12 3.91219750623529e+08 7.52791302024219e+13 7.52791553414428e+13 9.74173798541994e-01 2.54038400439409e+05 7.07439278560515e-01 2.54038400439415e+05
1840 2.12656275001353e-13 2.93628245016426e+12 3.15337383546955e+08 7.52306950864275e+13 7.52307306665431e+13 9.73971435621802e-01 2.53865909715626e+05 7.29999348510795e-01 2.53865909715691e+05
1848 2.13580867501359e-13 2.90004079690476e+12 3.98097658246804e+08 7.48616077202429e+13 7.48616359181125e+13 1.15361342704505e+00 2.52555285537750e+05 7.31479144081265e-01 2.52555285537771e+05
1856 2.14505460001365e-13 2.94464971044555e+12 3.26963326314647e+08 7.51592135923088e+13 7.51592458896782e+13 1.01947741529034e+00 2.53640942565534e+05 7.46047854845357e-01 2.53640942565537e+05
1864 2.15430052501371e-13 2.90917646410742e+12 3.21892160973493e+08 7.43778591802337e+13 7.43778885219439e+13 1.06058833084318e+00 2.50937368279335e+05 8.12772149724290e-01 2.50937368279397e+05
1872 2.16354645001376e-13 2.94891555510034e+12 3.23761522938716e+08 7.50497877332448e+13 7.50498288814179e+13 9.97764278908989e-01 2.53180466825638e+05 7.85353099859576e-01 2.53180466825645e+05
1880 2.17279237501382e-13 2.93279435485102e+12 4.03899070444013e+08 7.38483437354031e+13 7.38483715687390e+13 1.06006652734692e+00 2.49170338267335e+05 7.39025002378749e-01 2.49170338267357e+05
1888 2.18203830001388e-13 2.95494006395631e+12 3.58105396233132e+08 7.48744136992410e+13 7.48745045336018e+13 1.44904877712949e+00 2.52670499866824e+05 7.53393677079761e-01 2.52670499866869e+05
1896 2.19128422501394e-13 2.94785610340257e+12 3.57579482765746e+08 7.34434667289037e+13 7.34434778501939e+13 1.03442188568507e+00 2.47792223451607e+05 7.70055362972950e-01 2.47792223451663e+05
1904 2.20053015001400e-13 2.95394653108797e+12 4.40397339351274e+08 7.46634250844741e+13 7.46634722688725e+13 1.03715581213866e+00 2.51937373604973e+05 8.04038909394703e-01 2.51937373604999e+05
1912 2.20977607501406e-13 2.95898585320753e+12 3.98373347926555e+08 7.35719088234138e+13 7.35719159864701e+13 1.31144093249454e+00 2.48296116459407e+05 8.14671355979190e-01 2.48296116459426e+05
1920 2.21902200001412e-13 2.95514001805444e+12 3.48194957650053e+08 7.44029296776766e+13 7.44030117495710e+13 1.15205888442448e+00 2.51053565327336e+05 8.99810863871872e-01 2.51053565327363e+05
1928 2.22826792501418e-13 2.97047601707588e+12 3.53000813466885e+08 7.36671858932549e+13 7.36671923874124e+13 1.17215272340130e+00 2.48593291454731e+05 7.90731158370282e-01 2.48593291454733e+05
1936 2.23751385001423e-13 2.93672637661690e+12 3.63256530363204e+08 7.41063750825930e+13 7.41064541587417e+13 1.11399638241552e+00 2.50083213855665e+05 7.37255989912622e-01 2.50083213855671e+05
1944 2.24675977501429e-13 2.97161375611420e+12 4.02150551830911e+08 7.37286865674674e+13 7.37287011908709e+13 1.18818006100133e+00 2.48701946463218e+05 8.79400364771911e-01 2.48701946463227e+05
1952 2.25600570001435e-13 2.92451104714175e+12 4.07570842282881e+08 7.37568153854542e+13 7.37568515766360e+13 9.87093718193120e-01 2.48944010102347e+05 9.54823482777007e-01 2.48944010102446e+05
1960 2.26525162501441e-13 2.96949461929588e+12 4.76241274136507e+08 7.37082565255584e+13 7.37082747591209e+13 1.16831722412419e+00 2.48755150979333e+05 8.79439717155710e-01 2.48755150979353e+05
1968 2.27449755001447e-13 2.92614611509249e+12 3.71832968121833e+08 7.33718311368564e+13 7.33718608955207e+13 1.17579820475904e+00 2.47603630603609e+05 8.66192775294597e-01 2.47603630603662e+05
1976 2.28374347501453e-13 2.94870065453073e+12 3.75385503566645e+08 7.36668164125225e+13 7.36668306935176e+13 1.10428383492910e+00 2.48621397142013e+05 1.00202871997402e+00 2.48621397142121e+05
1984 2.29298940001458e-13 2.93056005540322e+12 3.70872432403072e+08 7.29414951700262e+13 7.29415323005359e+13 1.11295419530574e+00 2.46093963234077e+05 1.07252116782587e+00 2.46093963234147e+05
1992 2.30223532501464e-13 2.94372420211529e+12 3.64029865312330e+08 7.35714804854018e+13 7.35714943893195e+13 1.19477671110398e+00 2.48305015104145e+05 7.71989209734223e-01 2.48305015104178e+05
2000 2.31148125001470e-13 2.94263316749972e+12 4.27268934813191e+08 7.24679752989190e+13 7.24680430971344e+13 1.11746410211064e+00 2.44477687201638e+05 9.59418019379902e-01 2.44477687201692e+05
2008 2.32072717501475e-13 2.92703371992022e+12 5.08570571240363e+08 7.34221829576204e+13 7.34221898457302e+13 1.21787948848439e+00 2.47750339160147e+05 1.16719467969902e+00 2.47750339160281e+05
2016 2.32997310001481e-13 2.94088209164174e+12 3.82040376146450e+08 7.19491176718287e+13 7.19491346587641e+13 1.14130281307290e+00 2.42823602672683e+05 1.13066640768709e+00 2.42823602672689e+05
2024 2.33921902501487e-13 2.92530374577490e+12 4.09671925155958e+08 7.32181326461480e+13 7.32181456079994e+13 1.17717713270435e+00 2.47046829341508e+05 9.74842528047721e-01 2.47046829341557e+05
2032 2.34846495001492e-13 2.91630082846115e+12 5.03703180510451e+08 7.20869505511068e+13 7.20869710157581e+13 1.13743097942948e+00 2.43301595252248e+05 1.00709517686421e+00 2.43301595252299e+05
2040 2.35771087501498e-13 2.90180229418618e+12 4.46700644827570e+08 7.29673518699121e+13 7.29673594704046e+13 1.29519783015988e+00 2.46207997004243e+05 9.71649495905927e-01 2.46207997004271e+05
2048 2.36695680001504e-13 2.91569187169870e+12 5.10665109418521e+08 7.21908495107574e+13 7.21908892989149e+13 1.25167816687366e+00 2.43569181630534e+05 1.16573597148789e+00 2.43569181630654e+05
2056 2.37620272501510e-13 2.88419368611805e+12 4.65627437498543e+08 7.26665808665438e+13 7.26666160622389e+13 1.27578397538110e+00 2.45257779188458e+05 1.00337277369120e+00 2.45257779188468e+05
2064 2.38544865001515e-13 2.90859533023476e+12 5.03660914020610e+08 7.22229775022997e+13 7.22230263351112e+13 1.25600322291887e+00 2.43731491362669e+05 1.06172545306089e+00 2.43731491362761e+05
2072 2.39469457501521e-13 2.86934662674586e+12 3.95219164455543e+08 7.23419885539608e+13 7.23421001423021e+13 1.20868034099629e+00 2.44100427305180e+05 1.09444420861337e+00 2.44100427305264e+05
2080 2.40394050001527e-13 2.89631697932590e+12 4.34401156465955e+08 7.22142688335406e+13 7.22143140084755e+13 1.29221907546282e+00 2.43675898775830e+05 9.73157737089798e-01 2.43675898775987e+05
2088 2.41318642501532e-13 2.86909162026139e+12 4.05776717270940e+08 7.19714004659854e+13 7.19715190003861e+13 1.31019809945795e+00 2.42886059101229e+05 9.72983721309799e-01 2.42886059101277e+05
2096 2.42243235001538e-13 2.89270819611388e+12 4.69384446185083e+08 7.21509393038218e+13 7.21509576112693e+13 1.11472217683682e+00 2.43563731772981e+05 1.04295648640830e+00 2.43563731773005e+05
2104 2.43167827501544e-13 2.87889492827385e+12 3.98923653017352e+08 7.15683240898125e+13 7.15684446597990e+13 1.41511627190885e+00 2.41453775778381e+05 1.04810053043925e+00 2.41453775778429e+05
2112 2.44092420001549e-13 2.88697385299026e+12 4.80226565164578e+08 7.20752625476385e+13 7.20753481823155e+13 1.26508710524842e+00 2.43167790759729e+05 9.86925079222303e-01 2.43167790759785e+05
2120 2.45017012501555e-13 2.87724547523779e+12 4.40451795662387e+08 7.11259053834957e+13 7.11260471155392e+13 1.27979786986321e+00 2.39921079336739e+05 1.10098152906112e+00 2.39921079336746e+05
2128 2.45941605001561e-13 2.87512731494771e+12 4.13052194467387e+08 7.19347376853008e+13 7.19348135588243e+13 1.21570444389399e+00 2.42730403937302e+05 1.03800485869390e+00 2.42730403937351e+05
2136 2.46866197501566e-13 2.87309501493193e+12 4.15589793319837e+08 7.06372938329248e+13 7.06374649590931e+13 1.09599947890404e+00 2.38354399103393e+05 9.33249962532779e-01 2.38354399103424e+05
2144 2.47790790001572e-13 2.85886487292790e+12 4.26440435187633e+08 7.17573883276329e+13 7.17574880062279e+13 1.17178032042739e+00 2.42115725711662e+05 9.71530878320227e-01 2.42115725711847e+05
2152 2.48715382501578e-13 2.86542133054235e+12 4.44483487336469e+08 7.05248182462292e+13 7.05249181291791e+13 1.27421733599590e+00 2.37973485200613e+05 9.10077577000461e-01 2.37973485200653e+05
2160 2.49639975001583e-13 2.85304880549708e+12 4.38763804899810e+08 7.15555200181621e+13 7.15556128932030e+13 1.29127001932458e+00 2.41362637913901e+05 1.07620218588912e+00 2.41362637913928e+05
2168 2.50564567501589e-13 2.86222267024427e+12 5.11742967466981e+08 7.06430080363952e+13 7.06430777559205e+13 1.11703246545352e+00 2.38451201564567e+05 8.86879960143602e-01 2.38451201564603e+05
2176 2.51489160001595e-13 2.82762578485005e+12 4.06286748190520e+08 7.12962289271456e+13 7.12963078571417e+13 1.27340977700469e+00 2.40570044823668e+05 1.02410497598184e+00 2.40570044823678e+05
2184 2.52413752501600e-13 2.85939705792279e+12 4.78187542694900e+08 7.07286787377580e+13 7.07287913556793e+13 1.18985215232969e+00 2.38672130004075e+05 1.02043704697308e+00 2.38672130004114e+05
2192 2.53338345001606e-13 2.83054223662796e+12 4.19094339454741e+08 7.10052649687958e+13 7.10053877223360e+13 1.12529932825523e+00 2.39582212702496e+05 9.19319910768946e-01 2.39582212702617e+05
2200 2.54262937501612e-13 2.84882313509654e+12 3.60908822191539e+08 7.07531912604529e+13 7.07533140834971e+13 1.22700442139979e+00 2.38736502124844e+05 1.00780147525733e+00 2.38736502124880e+05
2208 2.55187530001617e-13 2.82504501011915e+12 3.87517139413180e+08 7.06723713098274e+13 7.06725692558431e+13 1.20015775363443e+00 2.38474807030659e+05 9.11142842979934e-01 2.38474807030721e+05
2216 2.56112122501623e-13 2.83612991555183e+12 4.74430137829153e+08 7.07409287490071e+13 7.07410587980119e+13 1.10617390050456e+00 2.38693811215876e+05 9.87903579565636e-01 2.38693811215882e+05
2224 2.57036715001629e-13 2.82672635261927e+12 5.10567402492601e+08 7.03003905042065e+13 7.03006088030803e+13 1.23974511135063e+00 2.37214992601160e+05 9.38371186846517e-01 2.37214992601272e+05
2232 2.57961307501634e-13 2.82744991889827e+12 4.89197932862158e+08 7.06864637084530e+13 7.06866157904930e+13 1.30953858489806e+00 2.38497659822235e+05 8.91567067969996e-01 2.38497659822239e+05
2240 2.58885900001640e-13 2.82849650202599e+12 4.87022556823967e+08 6.98667408213004e+13 6.98669613825233e+13 1.29162924790445e+00 2.35730831500552e+05 9.28631285210483e-01 2.35730831500564e+05
2248 2.59810492501646e-13 2.81972724057495e+12 4.89349621235381e+08 7.05899343936859e+13 7.05901009699538e+13 1.30930149305985e+00 2.38168219098946e+05 9.99757679109762e-01 2.38168219098974e+05
2256 2.60735085001652e-13 2.81600004907724e+12 4.55392349467614e+08 6.93954482690507e+13 6.93956018739391e+13 1.35104827431312e+00 2.34117544813360e+05 8.80110527163428e-01 2.34117544813622e+05
2264 2.61659677501657e-13 2.80141723146675e+12 4.20371415540508e+08 7.04183791462835e+13 7.04185632744798e+13 1.24182204088638e+00 2.37661288635958e+05 1.08269192395626e+00 2.37661288636023e+05
2272 2.62584270001663e-13 2.83052043071627e+12 4.41503687280092e+08 6.90822052987459e+13 6.90824591625595e+13 1.25156519103847e+00 2.33061349397447e+05 1.04404897316644e+00 2.33061349397870e+05
2280 2.63508862501669e-13 2.79962860508805e+12 5.16749559747507e+08 7.02086522002898e+13 7.02088344395599e+13 1.25862906392783e+00 2.36935852172136e+05 1.03413902034958e+00 2.36935852172286e+05
2288 2.64433455001674e-13 2.81983909852730e+12 5.15298475269101e+08 6.91852737257483e+13 6.91854900354341e+13 1.17999236659035e+00 2.33469036725620e+05 9.87961147732918e-01 2.33469036725672e+05
2296 2.65358047501680e-13 2.76719253877651e+12 5.31151606882530e+08 6.99394701814979e+13 6.99397007672576e+13 1.14137278815801e+00 2.36088429186540e+05 9.94292875741640e-01 2.36088429186594e+05
2304 2.66282640001686e-13 2.79968119792983e+12 4.31956765687642e+08 6.92448950481138e+13 6.92451601586109e+13 1.24707043418042e+00 2.33696942153694e+05 1.00859871683263e+00 2.33696942153750e+05
2312 2.67207232501691e-13 2.76997081596890e+12 4.93851052465694e+08 6.96592419598602e+13 6.96594807232505e+13 1.32767639397016e+00 2.34979290953296e+05 1.12803941062989e+00 2.34979290953420e+05
2320 2.68131825001697e-13 2.78661106464999e+12 4.46729068025872e+08 6.92424425976770e+13 6.92427303604203e+13 1.16518859918841e+00 2.33780584104175e+05 1.06270312625015e+00 2.33780584104192e+05
2328 2.69056417501703e-13 2.78548674419904e+12 4.68533943647194e+08 6.93000872548280e+13 6.93003799333226e+13 1.37309972704852e+00 2.33799880615655e+05 1.28971023306523e+00 2.33799880615692e+05
2336 2.69981010001708e-13 2.91917600930108e+12 4.77203224943343e+08 6.92176255204599e+13 6.92179224653373e+13 1.21541988726865e+00 2.33595620208135e+05 9.50104224506397e-01 2.33595620208137e+05
2344 2.70905602501714e-13 2.96056353083243e+12 4.26917727181758e+08 6.88942272977735e+13 6.88945403919240e+13 1.21843393255802e+00 2.32396226352785e+05 1.03986389675495e+00 2.32396226352889e+05
2352 2.71830195001720e-13 3.01329114555673e+12 4.40131379723596e+08 6.91320288632618e+13 6.91323848993400e+13 1.12657474875784e+00 2.33246516823213e+05 1.10296198628686e+00 2.33246516823334e+05
2360 2.72754787501725e-13 2.99521022416917e+12 4.54412918945636e+08 6.84397583050676e+13 6.84401042427048e+13 1.49762298260227e+00 2.30874583069007e+05 1.22164108032644e+00 2.30874583069053e+05
2368 2.73679380001731e-13 3.06051849532105e+12 4.87648857259104e+08 6.89722079855815e+13 6.89725876343712e+13 1.07928697669250e+00 2.32807243943110e+05 1.29108596966538e+00 2.32807243943365e+05
2376 2.74603972501737e-13 3.06374221247104e+12 4.05265646260965e+08 6.79432132031798e+13 6.79436153453368e+13 1.28010548536457e+00 2.29144643576196e+05 1.26134532397998e+00 2.29144643576293e+05
2384 2.75528565001742e-13 2.99704170611005e+12 4.59999021395940e+08 6.88047733747773e+13 6.88052252236612e+13 1.12744091348629e+00 2.32074282905730e+05 1.31512882345943e+00 2.32074282905742e+05
2392 2.76453157501748e-13 3.00113837322292e+12 4.27696942198985e+08 6.73824463959875e+13 6.73828538321955e+13 1.33618802924365e+00 2.27456688320571e+05 1.26117224439869e+00 2.27456688320572e+05
2400 2.77377750001754e-13 2.96676241601089e+12 4.98014935808289e+08 6.85771204323254e+13 6.85774495588231e+13 1.10081424148575e+00 2.31286060742303e+05 1.32300342633882e+00 2.31286060742517e+05
2408 2.78302342501759e-13 2.91457493843240e+12 4.25919086895736e+08 6.74166464337608e+13 6.74170591097314e+13 1.49521349206393e+00 2.27389713622432e+05 1.12476835464485e+00 2.27389713622448e+05
2416 2.79226935001765e-13 2.90525114980279e+12 4.69399893488602e+08 6.82557908890268e+13 6.82563584970056e+13 1.26332092602384e+00 2.30544321536046e+05 1.55476307463025e+00 2.30544321536075e+05
2424 2.80151527501771e-13 2.86401820812310e+12 5.29211694880405e+08 6.74363370006450e+13 6.74367690914295e+13 1.36453656217106e+00 2.27506553616475e+05 1.14499679674545e+00 2.27506553616494e+05
2432 2.81076120001776e-13 2.79835490903919e+12 4.74183449995523e+08 6.79710050665509e+13 6.79713660819999e+13 1.11509208440451e+00 2.29367336419499e+05 1.36771793606718e+00 2.29367336419567e+05
2440 2.82000712501782e-13 2.76761807289770e+12 5.14775978756540e+08 6.74017893309641e+13 6.74024064264652e+13 1.19424484779624e+00 2.27547789351689e+05 1.37132994769613e+00 2.27547789351867e+05
2448 2.82925305001788e-13 2.75822344541522e+12 5.94367677832589e+08 6.76421023831823e+13 6.76428208701762e+13 1.14359673124065e+00 2.28129078253739e+05 1.62212731022339e+00 2.28129078253903e+05
2456 2.83849897501794e-13 2.72635404361074e+12 5.55600429166775e+08 6.73949461231360e+13 6.73957512670510e+13 1.14561598044897e+00 2.27304372144115e+05 1.65137095707828e+00 2.27304372144191e+05
2464 2.84774490001799e-13 2.71930370487492e+12 4.37774424710337e+08 6.72208035739346e+13 6.72216322603670e+13 1.16015698143079e+00 2.26790881768853e+05 1.39518049712697e+00 2.26790881768923e+05
2472 2.85699082501805e-13 2.64088661433562e+12 5.01628781970138e+08 6.72928824247148e+13 6.72935451171911e+13 1.14587888560001e+00 2.27067474596754e+05 1.37712683307004e+00 2.27067474596858e+05
2480 2.86623675001811e-13 2.61508596283212e+12 4.40037549933192e+08 6.67928054852977e+13 6.67938923223342e+13 1.11386893120614e+00 2.25391284914756e+05 1.31401650542573e+00 2.25391284914805e+05
2488 2.87548267501816e-13 2.60031289801455e+12 4.33518299470783e+08 6.71412672442139e+13 6.71420508569022e+13 1.32700754650340e+00 2.26661874118889e+05 1.42704552496359e+00 2.26661874118997e+05
2496 2.88472860001822e-13 2.59483889037709e+12 5.14887477095508e+08 6.63529321518345e+13 6.63535994332181e+13 1.08928756715649e+00 2.23729869256930e+05 1.26846997247426e+00 2.23729869257049e+05
2504 2.89397452501828e-13 2.59114139992391e+12 5.18254826892642e+08 6.70023380177004e+13 6.70030115989257e+13 1.12480409473212e+00 2.26007259033986e+05 1.22683670478782e+00 2.26007259034195e+05
2512 2.90322045001833e-13 2.56407306806561e+12 6.09585006160500e+08 6.58438048779040e+13 6.58445319661925e+13 1.22171310481536e+00 2.22201494137158e+05 1.25618681768904e+00 2.22201494137224e+05
2520 2.91246637501839e-13 2.55518000539334e+12 5.07164875484215e+08 6.68177886699882e+13 6.68184670429382e+13 1.20153653263744e+00 2.25303383663870e+05 1.56436920961325e+00 2.25303383663941e+05
2528 2.92171230001845e-13 2.54402133870882e+12 4.77031184335260e+08 6.54713689839747e+13 6.54721381778130e+13 1.26452920166742e+00 2.20854524752258e+05 1.30282330071693e+00 2.20854524752259e+05
2536 2.93095822501850e-13 2.69742980004480e+12 4.99618622510995e+08 6.65430232156272e+13 6.65438407823551e+13 1.13224674123352e+00 2.24519001081062e+05 1.46946481200560e+00 2.24519001081072e+05
2544 2.94020415001856e-13 2.61778024647197e+12 5.43442368951016e+08 6.55330288107745e+13 6.55341469385298e+13 1.12748871887179e+00 2.21010091088794e+05 1.40942843994832e+00 2.21010091088833e+05
2552 2.94945007501862e-13 2.65271024902743e+12 4.87513312445378e+08 6.63024734877032e+13 6.63037898282787e+13 1.25635636993867e+00 2.23581383460847e+05 1.36704067891676e+00 2.23581383460954e+05
2560 2.95869600001867e-13 2.72331216272001e+12 5.04769744240087e+08 6.55545303550116e+13 6.55561261904488e+13 1.27873418634118e+00 2.21199559438411e+05 1.14894815092103e+00 2.21199559438433e+05
2568 2.96794192501873e-13 2.69439688405296e+12 4.39933212022027e+08 6.57118171345616e+13 6.57129105485402e+13 1.22419681416595e+00 2.21752845862324e+05 1.10409835640185e+00 2.21752845862331e+05
2576 2.97718785001879e-13 2.65643013108077e+12 4.66850949146537e+08 6.54310036231865e+13 6.54325244723403e+13 1.09802153408320e+00 2.20633889622074e+05 1.16928223669660e+00 2.20633889622148e+05
2584 2.98643377501884e-13 2.77205697856102e+12 4.01918131383415e+08 6.47984956134350e+13 6.47996733225388e+13 1.14960698067470e+00 2.18581278902137e+05 1.19873214819188e+00 2.18581278902147e+05
2592 2.99567970001890e-13 2.65053472492422e+12 4.59203973843702e+08 6.41636651790039e+13 6.41647302197303e+13 1.13169373723790e+00 2.16571095761364e+05 1.16168762059186e+00 2.16571095761364e+05
2600 3.00492562501896e-13 2.62032983414034e+12 4.12760201718251e+08 6.35002228141849e+13 6.35016518393805e+13 1.17699779770406e+00 2.14061874124289e+05 1.09209189210081e+00 2.14061874124468e+05
2608 3.01417155001901e-13 2.69136360068960e+12 4.57906816846732e+08 6.29648088154480e+13 6.29656714869358e+13 1.08256639253895e+00 2.12356981621817e+05 1.03483231876898e+00 2.12356981621919e+05
2616 3.02341747501907e-13 2.57161885905563e+12 4.87839932274976e+08 6.03078098949521e+13 6.03087902863747e+13 1.16219891018480e+00 2.03507718202704e+05 1.11362650656814e+00 2.03507718202708e+05
2624 3.03266340001913e-13 2.46669351307902e+12 3.69254666552924e+08 6.13656384641859e+13 6.13676692293135e+13 1.24714960477490e+00 2.06945897183979e+05 1.03882484608479e+00 2.06945897183994e+05
2632 3.04190932501918e-13 2.42490711242481e+12 4.06603932278857e+08 5.88506053414956e+13 5.88514680506732e+13 1.13473787070647e+00 1.98462726727726e+05 1.12121253803782e+00 1.98462726727771e+05
2640 3.05115525001924e-13 2.49540942047440e+12 4.26924595480339e+08 5.75900196233060e+13 5.75905603956290e+13 1.15264772459732e+00 1.94390686332178e+05 1.16837023036755e+00 1.94390686332324e+05
2648 3.06040117501930e-13 2.28739314684388e+12 4.67210904000843e+08 5.55217425158792e+13 5.55238496835703e+13 1.13011597865510e+00 1.87235098252238e+05 1.10099118852145e+00 1.87235098252298e+05
2656 3.06964710001936e-13 2.27765992364574e+12 4.84065760851538e+08 5.52552198511148e+13 5.52559948084393e+13 1.14709331331540e+00 1.86343466062990e+05 1.00968932413877e+00 1.86343466063059e+05
2664 3.07889302501941e-13 2.24615651905247e+12 3.86313140139569e+08 5.31070980681095e+13 5.31078851792475e+13 1.15043512178480e+00 1.79246448737922e+05 9.87279213865832e-01 1.79246448738019e+05
2672 3.08813895001947e-13 2.22350653942727e+12 4.54156295063657e+08 5.03628024627998e+13 5.03633891016889e+13 1.16791876553195e+00 1.69971400896572e+05 1.06427702689970e+00 1.69971400896681e+05
2680 3.09738487501953e-13 2.20489614985992e+12 4.21659029093234e+08 5.07807726720323e+13 5.07817966718072e+13 1.23500185050564e+00 1.71282983120510e+05 1.04924302039466e+00 1.71282983120779e+05
2688 3.10663080001958e-13 2.16999675489338e+12 4.48877525150088e+08 4.75328611254875e+13 4.75336063694939e+13 1.13588051609188e+00 1.60417740660173e+05 9.45310973466262e-01 1.60417740660734e+05
2696 3.11587672501964e-13 2.17098381668481e+12 4.00141967571990e+08 4.57480213452083e+13 4.57488574129032e+13 1.17810370557187e+00 1.54521733973800e+05 1.00416448053444e+00 1.54521733973859e+05
2704 3.12512265001970e-13 2.07607312144710e+12 3.72551302182639e+08 4.50157228883919e+13 4.50181602680602e+13 1.19141468372438e+00 1.51923278777705e+05 9.67744510806394e-01 1.51923278777846e+05
2712 3.13436857501975e-13 2.03873041972600e+12 3.67765380550820e+08 4.29895090888832e+13 4.29903581131488e+13 1.16943420673112e+00 1.45051157071830e+05 1.00712625397107e+00 1.45051157071916e+05
2720 3.14361450001981e-13 1.95186200048983e+12 4.33447402214177e+08 4.02144574658835e+13 4.02154308383388e+13 1.12819229395932e+00 1.35807321073969e+05 1.02332939834400e+00 1.35807321073977e+05
2728 3.15286042501987e-13 1.88064320150833e+12 3.84851790467922e+08 4.01665309003642e+13 4.01689032044159e+13 1.08494312484879e+00 1.35547627432314e+05 1.05755918564283e+00 1.35547627432362e+05
2736 3.16210635001992e-13 1.80819265308337e+12 4.29818791628590e+08 3.78759303999304e+13 3.78770479600105e+13 1.23100532160472e+00 1.27813237315546e+05 1.07159140960729e+00 1.27813237315678e+05
2744 3.17135227501998e-13 1.78231437665107e+12 3.99507990268426e+08 3.49447090759637e+13 3.49451870032419e+13 1.21316786334135e+00 1.18025479856359e+05 1.01218781360652e+00 1.18025479856585e+05
2752 3.18059820002004e-13 1.69764695616089e+12 3.96865877075607e+08 3.33327015484865e+13 3.33329493956311e+13 1.06785488458263e+00 1.12677017364808e+05 1.09813619697500e+00 1.12677017365114e+05
2760 3.18984412502009e-13 1.65791611545407e+12 3.93951167847984e+08 3.29807329545432e+13 3.29816392015302e+13 1.17743474558750e+00 1.11375586752393e+05 1.06063061723817e+00 1.11375586752816e+05
2768 3.19909005002015e-13 1.60119124681620e+12 4.41915878293749e+08 3.07711214025690e+13 3.07713565293412e+13 1.04293751477525e+00 1.03996690717362e+05 1.31348237975561e+00 1.03996690717501e+05
2776 3.20833597502021e-13 1.53013159663818e+12 3.80539804288424e+08 2.88451033630598e+13 2.88451039186600e+13 1.13212595829492e+00 9.75797576228333e+04 9.42072610493800e-01 9.75797576236258e+04
2784 3.21758190002026e-13 1.48455264839068e+12 3.76859852117014e+08 2.84352304138480e+13 2.84360175189162e+13 1.15167381527362e+00 9.61244491627009e+04 8.26671915026664e-01 9.61244491627462e+04
2792 3.22682782502032e-13 1.42751836550195e+12 3.38652172828522e+08 2.62323606010034e+13 2.62323615718230e+13 1.19659724041870e+00 8.86881965795306e+04 9.81310932548047e-01 8.86881965797799e+04
2800 3.23607375002038e-13 1.48332859457420e+12 3.94479465245880e+08 2.41583869294700e+13 2.41586720302745e+13 1.14916343370270e+00 8.17564522509472e+04 9.73389277758323e-01 8.17564522515145e+04
2808 3.24531967502043e-13 1.34603216153061e+12 4.23050487245957e+08 2.29040747633219e+13 2.29040749457082e+13 1.05644945315276e+00 7.73977397542223e+04 1.02198816349606e+00 7.73977397544528e+04
2816 3.25456560002049e-13 1.25836335975271e+12 3.50694017603540e+08 2.17244947382525e+13 2.17249933090117e+13 1.18985298369279e+00 7.35447665716659e+04 9.29244828840396e-01 7.35447665724767e+04
2824 3.26381152502055e-13 1.30444362718987e+12 3.56562400785722e+08 1.86627566514248e+13 1.86637128490454e+13 1.08622178212323e+00 6.32215348549175e+04 9.18490984484603e-01 6.32215348558018e+04
2832 3.27305745002061e-13 1.26721190303458e+12 3.66723264455244e+08 1.68809358477278e+13 1.68872513735735e+13 1.10172314776166e+00 5.68214149534698e+04 9.09544615442573e-01 5.68214149534738e+04
2840 3.28230337502066e-13 1.49032741594655e+12 4.04881679839526e+08 1.65741635805759e+13 1.65828885144023e+13 1.07918842947080e+00 5.57213404323633e+04 1.00132729829618e+00 5.57213404324227e+04
2848 3.29154930002072e-13 1.38860651358809e+12 4.35187790927394e+08 1.35688323833025e+13 1.36007179185955e+13 1.08250776145367e+00 4.71800238044846e+04 1.23268572131514e+00 4.71800238065852e+04
2856 3.30079522502078e-13 1.39525256398862e+12 3.70720901368340e+08 1.15348434187764e+13 1.15378613182992e+13 1.23502576723126e+00 3.79889125524611e+04 9.42380294481316e-01 3.79889125536862e+04
2864 3.31004115002083e-13 1.11802048104751e+12 4.20154436508492e+08 1.14071910982178e+13 1.14081130095472e+13 1.15996678578602e+00 3.83925113526027e+04 9.04583030234515e-01 3.83925113545214e+04
2872 3.31928707502089e-13 1.00597909065521e+12 3.81252053326772e+08 9.93718940985987e+12 9.94417030686532e+12 1.13234213202520e+00 3.37540792093112e+04 8.92314668314341e-01 3.37540792116339e+04
2880 3.32853300002095e-13 1.03434740340671e+12 4.13905191270693e+08 8.94911687394561e+12 8.97523524193209e+12 1.12611668508032e+00 3.06316762725150e+04 8.90016823709943e-01 3.06316762744578e+04
2888 3.33777892502100e-13 9.02368465263787e+11 3.69500112839621e+08 8.87374938942845e+12 8.87755431670386e+12 1.16295897186222e+00 3.04250093014184e+04 9.11461334761993e-01 3.04250093016143e+04
2896 3.34702485002106e-13 1.14503885245237e+12 3.55804780888547e+08 7.68871411115468e+12 7.69211863385683e+12 1.08056470672460e+00 2.61897198369843e+04 8.29598708039206e-01 2.61897198415439e+04
2904 3.35627077502112e-13 1.02980888500266e+12 3.26200305032555e+08 6.36178376810429e+12 6.37126067768920e+12 1.26771278469972e+00 2.13686077315855e+04 7.71554560834582e-01 2.13686077318415e+04
2912 3.36551670002117e-13 1.25034992515833e+12 3.95233751329915e+08 5.89410964817857e+12 5.90278879256091e+12 1.05490665925889e+00 1.97419269804034e+04 7.87272658457389e-01 1.97419269811375e+04
2920 3.37476262502123e-13 1.28758856850281e+12 3.63398109528735e+08 5.38678499976573e+12 5.39629179935377e+12 1.14719226682160e+00 1.86264040417627e+04 8.22874920084973e-01 1.86264040422116e+04
2928 3.38400855002129e-13 1.27039482011723e+12 3.77631323598190e+08 4.44338496771506e+12 4.44563625469111e+12 1.06768701285298e+00 1.52080666347082e+04 8.24937695335404e-01 1.52080666362116e+04
2936 3.39325447502134e-13 1.38181918917024e+12 3.37407144688136e+08 3.72504618181670e+12 3.73263219107607e+12 1.02829315511733e+00 1.31828697476949e+04 8.75750623446716e-01 1.31828697502580e+04
2944 3.40250040002140e-13 1.30353702176302e+12 3.57477907557103e+08 3.72054147477794e+12 3.72373993576877e+12 1.04571184676182e+00 1.30666047264620e+04 7.61109573076290e-01 1.30666047273025e+04
2952 3.41174632502146e-13 1.33605354388006e+12 3.30081213675876e+08 3.17442644710250e+12 3.17810047626946e+12 1.05461110094317e+00 1.09489618694638e+04 7.99675259344048e-01 1.09489618715172e+04
2960 3.42099225002151e-13 1.19187168192038e+12 3.77576800073466e+08 2.52623481243176e+12 2.54722479122542e+12 1.16500085593695e+00 8.81575968899660e+03 8.87982585328978e-01 8.81575969197226e+03
2968 3.43023817502157e-13 1.31402362254308e+12 3.73960301070534e+08 2.52298520924967e+12 2.60917467589389e+12 1.10272289298075e+00 8.70763715448449e+03 8.37576356318358e-01 8.70763715738655e+03
2976 3.43948410002163e-13 1.18955070609824e+12 3.33493598375376e+08 2.39694487363786e+12 2.39795916111335e+12 1.04962418539900e+00 8.30578216601082e+03 8.52080129671078e-01 8.30578216679829e+03
2984 3.44873002502168e-13 1.28259876261627e+12 3.33182462918085e+08 2.25544961095769e+12 2.38779193431768e+12 1.04170270986396e+00 6.59963596373181e+03 8.47583234202614e-01 6.59963597593483e+03
2992 3.45797595002174e-13 1.17556101291773e+12 3.47432451782097e+08 2.12830892006297e+12 2.28236653010906e+12 1.09677776917080e+00 6.93188698952179e+03 8.96539091534847e-01 6.93188699261399e+03
3000 3.46722187502180e-13 1.28154015717902e+12 3.68029928627011e+08 2.01863165873781e+12 2.18860479340641e+12 1.07333735098543e+00 7.24417087524679e+03 8.87146108674767e-01 7.24417088062107e+03
3008 3.47646780002185e-13 1.28879801567592e+12 3.43157782483070e+08 2.06505943204324e+12 2.25150643728116e+12 1.05132505818104e+00 7.29215220611983e+03 8.38735366678203e-01 7.29215221683572e+03
3016 3.48571372502191e-13 1.26693043495310e+12 3.40947389250203e+08 2.08998250610196e+12 2.28655149755650e+12 1.09449072364446e+00 7.23903401540111e+03 7.93082764467880e-01 7.23903401914625e+03
3024 3.49495965002197e-13 1.27576759165686e+12 3.48534935102756e+08 2.13055257471827e+12 2.32758515307067e+12 1.12256157340966e+00 7.05255987157863e+03 8.78412083374885e-01 7.05255987539886e+03
