#[0]step() [1]time(s) [2]total(J) [3]ele(J) [4]ion(J) [5]total_mean(J) [6]ele_mean(J) [7]ion_mean(J)
0 0.00000000000000e+00 5.59975035406217e-02 5.59975035406217e-02 0.00000000000000e+00 1.20231281780017e-18 2.40462563560033e-18 0.00000000000000e+00
8 9.24592500005876e-16 5.58667149477951e-02 5.58667145667991e-02 3.80995949168591e-10 1.19950467830046e-18 2.39900934024032e-18 1.63605976785390e-26
16 1.84918500001175e-15 5.55206042488212e-02 5.55205982405584e-02 6.00826282106483e-09 1.19207339469953e-18 2.38414653139430e-18 2.58004766131695e-25
24 2.77377750001763e-15 5.49814621526518e-02 5.49814320746328e-02 3.00780189869768e-08 1.18049756699554e-18 2.36099384239107e-18 1.29159999912658e-24
32 3.69837000002350e-15 5.43049269160353e-02 5.43048344091192e-02 9.25069161327294e-08 1.16597179467986e-18 2.33193961695938e-18 3.97240033819946e-24
40 4.62296250002938e-15 5.35596055524855e-02 5.35593890179674e-02 2.16534518177407e-07 1.14996912720155e-18 2.29992895605191e-18 9.29835118496031e-24
48 5.54755500003526e-15 5.28179512364556e-02 5.28175265250580e-02 4.24711397610114e-07 1.13404519427313e-18 2.26807215073475e-18 1.82378115067947e-23
56 6.47214750004113e-15 5.21464692393109e-02 5.21457343583062e-02 7.34881004737146e-07 1.11962791919758e-18 2.23922428138653e-18 3.15570086410151e-23
64 7.39674000004701e-15 5.15967460011744e-02 5.15955892002962e-02 1.15680087810989e-06 1.10782490560476e-18 2.21560013626205e-18 4.96749474692231e-23
72 8.32133250005289e-15 5.12010613076731e-02 5.11993714219144e-02 1.68988575866711e-06 1.09932922724905e-18 2.19858588800210e-18 7.25664959970775e-23
80 9.24592500005877e-15 5.09687182963661e-02 5.09663958239622e-02 2.32247240387658e-06 1.09434063020529e-18 2.18858152959532e-18 9.97308152547321e-23
88 1.01705175000647e-14 5.08872386892905e-02 5.08842060607551e-02 3.03262853540539e-06 1.09259119550227e-18 2.18505216490769e-18 1.30226096850887e-22
96 1.10951100000705e-14 5.09258673768184e-02 5.09220769208847e-02 3.79045593371446e-06 1.09342058544313e-18 2.18667840242458e-18 1.62768461672782e-22
104 1.20197025000764e-14 5.10413603023563e-02 5.10367988852927e-02 4.56141706354748e-06 1.09590031428744e-18 2.19160475376418e-18 1.95874810699629e-22
112 1.29442950000823e-14 5.11857075062623e-02 5.11803971158855e-02 5.31039037672540e-06 1.09899956840587e-18 2.19777109984531e-18 2.28036966427547e-22
120 1.38688875000882e-14 5.13130016875307e-02 5.13069961268823e-02 6.00556064840218e-06 1.10173267999287e-18 2.20320747125539e-18 2.57888730357855e-22
128 1.47934800000941e-14 5.13870616587715e-02 5.13804398239400e-02 6.62183483153641e-06 1.10332280896432e-18 2.20636126536320e-18 2.84352565450936e-22
136 1.57180725001000e-14 5.13855349835244e-02 5.13783917527164e-02 7.14323080808347e-06 1.10329002998130e-18 2.20627331778953e-18 3.06742173062540e-22
144 1.66426650001058e-14 5.13020178979778e-02 5.12944539674358e-02 7.56393054198046e-06 1.10149684892662e-18 2.20266889013617e-18 3.24807717078892e-22
152 1.75672575001117e-14 5.11460589079389e-02 5.11381709426795e-02 7.88796525932908e-06 1.09814828013482e-18 2.19595783796461e-18 3.38722305031831e-22
160 1.84918500001176e-14 5.09392243160471e-02 5.09310967013546e-02 8.12761469248488e-06 1.09370737000004e-18 2.18706572675109e-18 3.49013248986243e-22
168 1.94164425001235e-14 5.07114155313426e-02 5.07031145394296e-02 8.30099191306410e-06 1.08881612655989e-18 2.17727579476552e-18 3.56458354265472e-22
176 2.03410350001294e-14 5.04947962574446e-02 5.04863673575628e-02 8.42889988181632e-06 1.08416513119184e-18 2.16796831144918e-18 3.61950934491590e-22
184 2.12656275001352e-14 5.03178572797764e-02 5.03093252603661e-02 8.53201941034802e-06 1.08036610467515e-18 2.16036583029231e-18 3.66379057999961e-22
192 2.21902200001411e-14 5.02012880032047e-02 5.01926597961066e-02 8.62820709817170e-06 1.07786326568194e-18 2.15535602184711e-18 3.70509516776613e-22
200 2.31148125001470e-14 5.01557386496879e-02 5.01470076258743e-02 8.73102381361317e-06 1.07688528330571e-18 2.15339564197443e-18 3.74924636988881e-22
208 2.40394050001529e-14 5.01793910462643e-02 5.01705422587698e-02 8.84878749444372e-06 1.07739311986587e-18 2.15440625812706e-18 3.79981604674278e-22
216 2.49639975001588e-14 5.02604708395358e-02 5.02514858595571e-02 8.98497997870696e-06 1.07913397023510e-18 2.15788211053448e-18 3.85829935730642e-22
224 2.58885900001647e-14 5.03801039219891e-02 5.03709646251890e-02 9.13929680007928e-06 1.08170259168020e-18 2.16301272680454e-18 3.92456555869289e-22
232 2.68131825001705e-14 5.05144617598055e-02 5.05051525456766e-02 9.30921412884043e-06 1.08458736582842e-18 2.16877497856918e-18 3.99753087657985e-22
240 2.77377750001764e-14 5.06414518820009e-02 5.06319599594841e-02 9.49192251682353e-06 1.08731394901509e-18 2.17422029914145e-18 4.07598888734897e-22
248 2.86623675001823e-14 5.07419953181709e-02 5.07323095154032e-02 9.68580276766995e-06 1.08947269993093e-18 2.17852947543373e-18 4.15924428124054e-22
256 2.95869600001882e-14 5.08045956188243e-02 5.07947039825572e-02 9.89163626710822e-06 1.09081678027585e-18 2.18120879729188e-18 4.24763259824035e-22
264 3.05115525001941e-14 5.08264800245259e-02 5.08163670149326e-02 1.01130095933329e-05 1.09128665660643e-18 2.18213904381540e-18 4.34269397448397e-22
272 3.14361450002000e-14 5.08121676947390e-02 5.08018116585585e-02 1.03560361805893e-05 1.09097935902230e-18 2.18151401268259e-18 4.44705361998589e-22
280 3.23607375002058e-14 5.07725009910861e-02 5.07618725836202e-02 1.06284074658965e-05 1.09012768201482e-18 2.17979896259310e-18 4.56401436531201e-22
288 3.32853300002117e-14 5.07224018728730e-02 5.07114638872115e-02 1.09379856614414e-05 1.08905201241922e-18 2.17763432960096e-18 4.69695237471632e-22
296 3.42099225002176e-14 5.06770982507481e-02 5.06658069308941e-02 1.12913198540608e-05 1.08807930609966e-18 2.17567374420585e-18 4.84867993465842e-22
304 3.51345150002235e-14 5.06498059685935e-02 5.06381137944359e-02 1.16921741575726e-05 1.08749331817900e-18 2.17448455501621e-18 5.02081341801379e-22
312 3.60591075002294e-14 5.06481402026647e-02 5.06359995824906e-02 1.21406201741685e-05 1.08745755280375e-18 2.17439376725030e-18 5.21338357195055e-22
320 3.69837000002352e-14 5.06739837293536e-02 5.06613511112344e-02 1.26326181191725e-05 1.08801243474367e-18 2.17548240392273e-18 5.42465564595670e-22
328 3.79082925002411e-14 5.07230817601964e-02 5.07099215002419e-02 1.31602599545108e-05 1.08906661016362e-18 2.17756809694749e-18 5.65123379738256e-22
336 3.88328850002470e-14 5.07863156118073e-02 5.07726028909121e-02 1.37127208951781e-05 1.09042429337275e-18 2.18025973977709e-18 5.88846968409181e-22
344 3.97574775002529e-14 5.08513967756824e-02 5.08371192383221e-02 1.42775373603456e-05 1.09182163990745e-18 2.18303017869112e-18 6.13101123785334e-22
352 4.06820700002588e-14 5.09057202668087e-02 5.08908781133971e-02 1.48421534115463e-05 1.09298801029111e-18 2.18533867390917e-18 6.37346673053506e-22
360 4.16066625002647e-14 5.09389624101416e-02 5.09235669539850e-02 1.53954561566433e-05 1.09370174666315e-18 2.18674238691610e-18 6.61106410202200e-22
368 4.25312550002705e-14 5.09448790908333e-02 5.09289500044098e-02 1.59290864235137e-05 1.09382878270199e-18 2.18697354402545e-18 6.84021378522492e-22
376 4.34558475002764e-14 5.09221930114822e-02 5.09057550172564e-02 1.64379942258136e-05 1.09334169377365e-18 2.18597751282406e-18 7.05874723228825e-22
384 4.43804400002823e-14 5.08750309948787e-02 5.08581101415382e-02 1.69208533405454e-05 1.09232908618419e-18 2.18393156287428e-18 7.26609494107049e-22
392 4.53050325002882e-14 5.08119290390636e-02 5.07945494475341e-02 1.73795915295450e-05 1.09097423488712e-18 2.18120216130180e-18 7.46308472446276e-22
400 4.62296250002941e-14 5.07435756712804e-02 5.07257570892640e-02 1.78185820164673e-05 1.08950663142216e-18 2.17824810339260e-18 7.65159451720239e-22
408 4.71542175003000e-14 5.06816307560630e-02 5.06633872267025e-02 1.82435293605431e-05 1.08817662274580e-18 2.17556983809644e-18 7.83407395159427e-22
416 4.80788100003058e-14 5.06356576225893e-02 5.06169972760395e-02 1.86603465497837e-05 1.08718954146262e-18 2.17357777670896e-18 8.01306216271689e-22
424 4.90034025003117e-14 5.06119888638027e-02 5.05929145750619e-02 1.90742887408264e-05 1.08668135359224e-18 2.17254362560429e-18 8.19081580195115e-22
432 4.99279950003176e-14 5.06125218336923e-02 5.05930328336415e-02 1.94890000507372e-05 1.08669279689755e-18 2.17254870382375e-18 8.36889971357794e-22
440 5.08525875003235e-14 5.06345830339877e-02 5.06146765433950e-02 1.99064905926752e-05 1.08716646915461e-18 2.17347812060186e-18 8.54817707351178e-22
448 5.17771800003294e-14 5.06713315829418e-02 5.06510043355813e-02 2.03272473604865e-05 1.08795549096182e-18 2.17503809622314e-18 8.72885700498360e-22
456 5.27017725003352e-14 5.07134817285773e-02 5.06927310489489e-02 2.07506796284301e-05 1.08886048952721e-18 2.17682991047036e-18 8.91068584056713e-22
464 5.36263650003411e-14 5.07510253163998e-02 5.07298494294516e-02 2.11758869482167e-05 1.08966658147794e-18 2.17842383526460e-18 9.09327691283914e-22
472 5.45509575003470e-14 5.07754114422411e-02 5.07538090195408e-02 2.16024227002466e-05 1.09019017181361e-18 2.17945269978363e-18 9.27643843593937e-22
480 5.54755500003529e-14 5.07807403860010e-02 5.07587095140306e-02 2.20308719704575e-05 1.09030458865334e-18 2.17966313514114e-18 9.46042165546917e-22
488 5.64001425003588e-14 5.07647533772258e-02 5.07422901318283e-02 2.24632453974843e-05 1.08996133432318e-18 2.17895805964905e-18 9.64608997299098e-22
496 5.73247350003647e-14 5.07299332968036e-02 5.07070302814927e-02 2.29030153109042e-05 1.08921371833387e-18 2.17744394322129e-18 9.83493446439016e-22
504 5.82493275003705e-14 5.06821488189734e-02 5.06587941661011e-02 2.33546528723536e-05 1.08818774598591e-18 2.17537260445977e-18 1.00288751205970e-21
512 5.91739200003764e-14 5.06302355646928e-02 5.06064125535071e-02 2.38230111856817e-05 1.08707312538519e-18 2.17312325117590e-18 1.02299959448599e-21
520 6.00985125003823e-14 5.05827826575645e-02 5.05584703255107e-02 2.43123320537692e-05 1.08605427213505e-18 2.17106453242633e-18 1.04401184376570e-21
528 6.10231050003882e-14 5.05482905074095e-02 5.05234648295050e-02 2.48256779045065e-05 1.08531369708040e-18 2.16956133839517e-18 1.06605576562941e-21
536 6.19476975003941e-14 5.05317018606263e-02 5.05063378311788e-02 2.53640294474686e-05 1.08495752508350e-18 2.16882587669363e-18 1.08917347337209e-21
544 6.28722900004000e-14 5.05352940934314e-02 5.05093680847592e-02 2.59260086721699e-05 1.08503465329946e-18 2.16895600080597e-18 1.11330579293900e-21
552 6.37968825004058e-14 5.05575516528409e-02 5.05310438619139e-02 2.65077909270136e-05 1.08551254154945e-18 2.16988679461145e-18 1.13828848745001e-21
560 6.47214750004117e-14 5.05934149625493e-02 5.05663112127648e-02 2.71037497845122e-05 1.08628255653628e-18 2.17140123312377e-18 1.16387994878122e-21
568 6.56460675004176e-14 5.06358059929354e-02 5.06080990800205e-02 2.77069129148862e-05 1.08719272709693e-18 2.17319567342033e-18 1.18978077353306e-21
576 6.65706600004235e-14 5.06764595238042e-02 5.06481497914757e-02 2.83097323284419e-05 1.08806559210273e-18 2.17491551736694e-18 1.21566683851491e-21
584 6.74952525004294e-14 5.07075175953660e-02 5.06786121994273e-02 2.89053959386376e-05 1.08873243464344e-18 2.17622362366545e-18 1.24124562143746e-21
592 6.84198450004352e-14 5.07235285903764e-02 5.06940402224511e-02 2.94883679253047e-05 1.08907620397796e-18 2.17688612855091e-18 1.26627940500533e-21
600 6.93444375004411e-14 5.07220424159974e-02 5.06919870715182e-02 3.00553444792323e-05 1.08904429458214e-18 2.17679796284611e-18 1.29062631817387e-21
608 7.02690300004470e-14 5.07037894258304e-02 5.06731842292648e-02 3.06051965656248e-05 1.08865238775321e-18 2.17599053762809e-18 1.31423787831724e-21
616 7.11936225004529e-14 5.06728793925699e-02 5.06417401915495e-02 3.11392010203454e-05 1.08798872371753e-18 2.17464027852017e-18 1.33716891488415e-21
624 7.21182150004588e-14 5.06357488685049e-02 5.06040884354280e-02 3.16604330768797e-05 1.08719150058806e-18 2.17302344969262e-18 1.35955148349866e-21
632 7.30428075004647e-14 5.05994725231496e-02 5.05672993366844e-02 3.21731864651938e-05 1.08641261738353e-18 2.17144366480301e-18 1.38156996404371e-21
640 7.39674000004705e-14 5.05712803915076e-02 5.05385981067752e-02 3.26822847324271e-05 1.08580730894849e-18 2.17021118640934e-18 1.40343148763005e-21
648 7.48919925004764e-14 5.05564346624217e-02 5.05232423967551e-02 3.31922656665728e-05 1.08548855883927e-18 2.16955178676414e-18 1.42533091439690e-21
656 7.58165850004823e-14 5.05568094867122e-02 5.05231026699372e-02 3.37068167749499e-05 1.08549660662748e-18 2.16954578666293e-18 1.44742659202175e-21
664 7.67411775004882e-14 5.05721100609789e-02 5.05378815766317e-02 3.42284843471708e-05 1.08582512263975e-18 2.17018041741711e-18 1.46982786240184e-21
672 7.76657700004941e-14 5.05988411265016e-02 5.05640826705372e-02 3.47584559643888e-05 1.08639906077412e-18 2.17130553582600e-18 1.49258572224069e-21
680 7.85903625005000e-14 5.06313720317107e-02 5.05960748367157e-02 3.52971949950321e-05 1.08709752627409e-18 2.17267933247884e-18 1.51572006934678e-21
688 7.95149550005058e-14 5.06627759855762e-02 5.06269316006908e-02 3.58443848853617e-05 1.08777179519458e-18 2.17400437307877e-18 1.53921731037778e-21
696 8.04395475005117e-14 5.06869919365814e-02 5.06505921873120e-02 3.63997492693735e-05 1.08829173173545e-18 2.17502039789319e-18 1.56306557771929e-21
704 8.13641400005176e-14 5.06991285441876e-02 5.06621651587465e-02 3.69633854411757e-05 1.08855231476089e-18 2.17551736047244e-18 1.58726904934163e-21
712 8.22887325005235e-14 5.06967053014773e-02 5.06591691804143e-02 3.75361210629827e-05 1.08850028573126e-18 2.17538870819608e-18 1.61186326643239e-21
720 8.32133250005294e-14 5.06798197789844e-02 5.06417001386489e-02 3.81196403355029e-05 1.08813773956679e-18 2.17463855858221e-18 1.63692055136208e-21
728 8.41379175005352e-14 5.06531990626091e-02 5.06144818535508e-02 3.87172090582433e-05 1.08756617072008e-18 2.17346976029719e-18 1.66258114297564e-21
736 8.50625100005411e-14 5.07626226479806e-02 5.07232126204963e-02 3.94100274842445e-05 1.08991558580010e-18 2.17813883968545e-18 1.69233191475371e-21
744 8.59871025005470e-14 5.19599274957529e-02 5.19192013039976e-02 4.07261917552627e-05 1.11562271333743e-18 2.22949657648436e-18 1.74885019050962e-21
752 8.69116950005529e-14 5.33139202306165e-02 5.32717570056710e-02 4.21632249455293e-05 1.14469405969047e-18 2.28757756060291e-18 1.81055877803651e-21
760 8.78362875005588e-14 5.77664868871983e-02 5.77212686214803e-02 4.52182657179590e-05 1.24029435657575e-18 2.47864696585800e-18 1.94174729350059e-21
768 8.87608800005647e-14 6.45913051444330e-02 6.45416124815374e-02 4.96926628955234e-05 1.38682886170556e-18 2.77152383808509e-18 2.13388532603313e-21
776 8.96854725005705e-14 7.05113965341861e-02 7.04575893042264e-02 5.38072299597137e-05 1.51393813105513e-18 3.02556569045331e-18 2.31057165696522e-21
784 9.06100650005764e-14 7.91878877409290e-02 7.91288375151882e-02 5.90502257408282e-05 1.70022958927755e-18 3.39792346396738e-18 2.53571458772938e-21
792 9.15346575005823e-14 9.71865784359839e-02 9.71169421489681e-02 6.96362870157741e-05 2.08667639776049e-18 4.17036249791235e-18 2.99029760861896e-21
800 9.24592500005882e-14 1.15616938913292e-01 1.15535752832042e-01 8.11860812494958e-05 2.48239151428296e-18 4.96129676364547e-18 3.48626492045044e-21
808 9.33838425005941e-14 1.33115879272086e-01 1.33024812240240e-01 9.10670318455051e-05 2.85810826879928e-18 5.71230596827872e-18 3.91056931984261e-21
816 9.43084350006000e-14 1.77329682234504e-01 1.77214446712167e-01 1.15235522337386e-04 3.80741526758083e-18 7.60988213079317e-18 4.94840436847796e-21
824 9.52330275006058e-14 2.26874579805845e-01 2.26728372050891e-01 1.46207754953496e-04 4.87118528660331e-18 9.73609216982335e-18 6.27840338328135e-21
832 9.61576200006117e-14 2.65331236693292e-01 2.65163178924294e-01 1.68057768997077e-04 5.69688158701034e-18 1.13865464948111e-17 7.21667920961898e-21
840 9.70822125006176e-14 3.64906457264529e-01 3.64688362651461e-01 2.18094613067959e-04 7.83484411137948e-18 1.56603228785131e-17 9.36534424591111e-21
848 9.80068050006235e-14 4.84829348777328e-01 4.84532647139747e-01 2.96701637580500e-04 1.04096879972127e-17 2.08066351342310e-17 1.27408601944748e-20
856 9.89313975006294e-14 5.70475935067983e-01 5.70125088936744e-01 3.50846131238685e-04 1.22485911980203e-17 2.44821164815268e-17 1.50659145137736e-20
864 9.98559900006352e-14 7.90367774983385e-01 7.89921429296563e-01 4.46345686821363e-04 1.69698512711263e-17 3.39205357185015e-17 1.91668237511998e-20
872 1.00780582500641e-13 1.03652921444938e+00 1.03590019424441e+00 6.29020204965040e-04 2.22551414216668e-17 4.44832716729325e-17 2.70111704010567e-20
880 1.01705175000647e-13 1.22996438680886e+00 1.22919496765509e+00 7.69419153769031e-04 2.64083549122018e-17 5.27836696903853e-17 3.30401340183456e-20
888 1.02629767500653e-13 1.70510210065017e+00 1.70415972078211e+00 9.42379868062759e-04 3.66099554738638e-17 7.31794435939004e-17 4.04673538271847e-20
896 1.03554360000659e-13 2.10460558123982e+00 2.10327908160563e+00 1.32649963419257e-03 4.51876263537857e-17 9.03182906141867e-17 5.69620933847526e-20
904 1.04478952500665e-13 2.61981251281311e+00 2.61812994033255e+00 1.68257248055836e-03 5.62495462338515e-17 1.12426840015992e-16 7.22524517110170e-20
912 1.05403545000671e-13 3.41530407654896e+00 3.41330691064237e+00 1.99716590658923e-03 7.33294094966431e-17 1.46573057378323e-16 8.57616149628466e-20
920 1.06328137500676e-13 4.06842961942276e+00 4.06570330521615e+00 2.72631420660557e-03 8.73525562831818e-17 1.74588040114604e-16 1.17072451759380e-19
928 1.07252730000682e-13 5.27191920239122e+00 5.26834756934151e+00 3.57163304970801e-03 1.13192475211751e-16 2.26231578579238e-16 1.53371844265433e-19
936 1.08177322500688e-13 6.20620577404950e+00 6.20202774425426e+00 4.17802979524179e-03 1.33252382342941e-16 2.66325353160069e-16 1.79411525812975e-19
944 1.09101915000694e-13 7.81940010332580e+00 7.81395641903654e+00 5.44368428926065e-03 1.67889001782314e-16 3.35544242736619e-16 2.33760828008612e-19
952 1.10026507500700e-13 9.19387521296248e+00 9.18660231470099e+00 7.27289826149312e-03 1.97400121699734e-16 3.94487933090991e-16 3.12310308476750e-19
960 1.10951100000706e-13 1.12219727028775e+01 1.12134471266444e+01 8.52557623308505e-03 2.40945055914602e-16 4.81524009451917e-16 3.66102377286686e-19
968 1.11875692500712e-13 1.30524029855030e+01 1.30418229274636e+01 1.05800580393758e-02 2.80245911341018e-16 5.60037497450035e-16 4.54325232001942e-19
976 1.12800285000718e-13 1.57105070572389e+01 1.56963874931341e+01 1.41195641048154e-02 3.37317609085125e-16 6.74028900679947e-16 6.06317490302255e-19
984 1.13724877500723e-13 1.79712434074619e+01 1.79544141483698e+01 1.68292590920497e-02 3.85857492467034e-16 7.70992308648838e-16 7.22676285230223e-19
992 1.14649470000729e-13 2.11423965375136e+01 2.11224237537430e+01 1.99727837705667e-02 4.53944778763689e-16 9.07031893081067e-16 8.57664446311739e-19
1000 1.15574062500735e-13 2.39157660832020e+01 2.38895491504648e+01 2.62169327372403e-02 5.13491321778039e-16 1.02585684500149e-15 1.12579855459174e-18
1008 1.16498655000741e-13 2.77838848497988e+01 2.77520714196441e+01 3.18134301546178e-02 5.96543038011762e-16 1.19171995459187e-15 1.36612143165776e-18
1016 1.17423247500747e-13 3.09401962029416e+01 3.09035169508144e+01 3.66792521272133e-02 6.64311659055715e-16 1.32704825021763e-15 1.57506789379929e-18
1024 1.18347840000753e-13 3.52870599701509e+01 3.52404567234507e+01 4.66032467002536e-02 7.57642427288189e-16 1.51328363390345e-15 2.00122067292417e-18
1032 1.19272432500759e-13 3.90670378269896e+01 3.90096680320691e+01 5.73697949204950e-02 8.38801685128694e-16 1.67513981615493e-15 2.46355410245891e-18
1040 1.20197025000765e-13 4.36194383895011e+01 4.35542457928593e+01 6.51925966417790e-02 9.36545498727416e-16 1.87029151927769e-15 2.79947817713792e-18
1048 1.21121617500771e-13 4.80777390944989e+01 4.79981143248789e+01 7.96247696199727e-02 1.03226891038519e-15 2.06111860115966e-15 3.41921961071108e-18
1056 1.22046210000776e-13 5.26829230827786e+01 5.25844230207949e+01 9.85000619836651e-02 1.13114602788776e-15 2.25806229981894e-15 4.22975595657265e-18
1064 1.22970802500782e-13 5.78047746653139e+01 5.76930850534061e+01 1.11689611907785e-01 1.24111642690894e-15 2.47743671672172e-15 4.79613709616332e-18
1072 1.23895395000788e-13 6.22863324531411e+01 6.21551240780149e+01 1.31208375126194e-01 1.33733918741304e-15 2.66904406967880e-15 5.63430514728277e-18
1080 1.24819987500794e-13 6.78327908848087e+01 6.76716773036746e+01 1.61113581134087e-01 1.45642624744514e-15 2.90593401061969e-15 6.91848427059536e-18
1088 1.25744580000800e-13 7.24865093724761e+01 7.23028154204566e+01 1.83693952019504e-01 1.55634544088021e-15 3.10480275892989e-15 7.88812283051882e-18
1096 1.26669172500806e-13 7.81866043657825e+01 7.79777003766496e+01 2.08903989132915e-01 1.67873120524128e-15 3.34849172686478e-15 8.97068361777551e-18
1104 1.27593765000812e-13 8.34943797235728e+01 8.32424592604732e+01 2.51920463099667e-01 1.79269354183091e-15 3.57456920133850e-15 1.08178823233133e-17
1112 1.28518357500818e-13 8.85664687588219e+01 8.82772584758094e+01 2.89210283012450e-01 1.90159549771328e-15 3.79077182641652e-15 1.24191690100341e-17
1120 1.29442950000823e-13 9.45302738359192e+01 9.42085731642722e+01 3.21700671647020e-01 2.02964333616476e-15 4.04547231216842e-15 1.38143601610937e-17
1128 1.30367542500829e-13 9.97794320108709e+01 9.94014760488966e+01 3.77955961974298e-01 2.14234711325058e-15 4.26846417091249e-15 1.62300555886762e-17
1136 1.31292135000835e-13 1.05513545931908e+02 1.05077864615631e+02 4.35681316277300e-01 2.26546329218860e-15 4.51221770637673e-15 1.87088780004720e-17
1144 1.32216727500841e-13 1.11182339113487e+02 1.10703570131387e+02 4.78768982100069e-01 2.38717698070555e-15 4.75379482760877e-15 2.05591338023302e-17
1152 1.33141320000847e-13 1.16428186933431e+02 1.15881557023177e+02 5.46629910254109e-01 2.49980968172539e-15 4.97614616889257e-15 2.34731945582077e-17
1160 1.34065912500853e-13 1.23146017016861e+02 1.22517304491485e+02 6.28712525375651e-01 2.64404706208025e-15 5.26109616603109e-15 2.69979581294122e-17
1168 1.34990505000859e-13 1.27742952253721e+02 1.27054952980124e+02 6.87999273596237e-01 2.74274707205238e-15 5.45595031472023e-15 2.95438293845331e-17
1176 1.35915097500865e-13 1.34064281232602e+02 1.33299407265590e+02 7.64873967011481e-01 2.87847124502961e-15 5.72409753389533e-15 3.28449561638924e-17
1184 1.36839690000871e-13 1.40017580096878e+02 1.39145779088926e+02 8.71801007951680e-01 3.00629350638313e-15 5.97515043219902e-15 3.74365805672405e-17
1192 1.37764282500876e-13 1.45710667666218e+02 1.44756720816692e+02 9.53946849525374e-01 3.12852881554313e-15 6.21609357189915e-15 4.09640591871181e-17
1200 1.38688875000882e-13 1.51555024560465e+02 1.50516455602729e+02 1.03856895773571e+00 3.25401200249726e-15 6.46342613219295e-15 4.45978728015679e-17
1208 1.39613467500888e-13 1.57374272386921e+02 1.56208008120265e+02 1.16626426665620e+00 3.37895607695280e-15 6.70783083284365e-15 5.00813210619599e-17
1216 1.40538060000894e-13 1.63293524998764e+02 1.62016629392798e+02 1.27689560596582e+00 3.50604733704538e-15 6.95726265991242e-15 5.48320141783366e-17
1224 1.41462652500900e-13 1.69470742193066e+02 1.68099919930976e+02 1.37082226209028e+00 3.63867731055227e-15 7.21848924059908e-15 5.88653805054490e-17
1232 1.42387245000906e-13 1.74730635164030e+02 1.73218388908155e+02 1.51224625587503e+00 3.75161157260663e-15 7.43828478395971e-15 6.49383612535477e-17
1240 1.43311837500912e-13 1.80403349419298e+02 1.78750354648772e+02 1.65299477052510e+00 3.87340944982590e-15 7.67583656384402e-15 7.09823358077835e-17
1248 1.44236430000918e-13 1.86397454989832e+02 1.84636466822159e+02 1.76098816767282e+00 4.00210786498780e-15 7.92859597866110e-15 7.56197513145048e-17
1256 1.45161022500923e-13 1.91963451849173e+02 1.90054512433922e+02 1.90893941525075e+00 4.12161443125761e-15 8.16125583935376e-15 8.19730231614698e-17
1264 1.46085615000929e-13 1.97659722087010e+02 1.95583527322978e+02 2.07619476403246e+00 4.24391807494839e-15 8.39868090478000e-15 8.91552451167755e-17
1272 1.47010207500935e-13 2.03056830306797e+02 2.00852447338412e+02 2.20438296838508e+00 4.35979846213382e-15 8.62493706514348e-15 9.46598591241530e-17
1280 1.47934800000941e-13 2.08729432793303e+02 2.06374521340056e+02 2.35491145324682e+00 4.48159393958512e-15 8.86206407735757e-15 1.01123801812670e-16
1288 1.48859392500947e-13 2.14014205023207e+02 2.11473507668924e+02 2.54069735428284e+00 4.59506237995154e-15 9.08102300350105e-15 1.09101756402025e-16
1296 1.49783985000953e-13 2.19388486278026e+02 2.16694816929115e+02 2.69366934891111e+00 4.71045265327765e-15 9.30523467910449e-15 1.15670627450807e-16
1304 1.50708577500959e-13 2.25450432601349e+02 2.22602622887832e+02 2.84780971351649e+00 4.84060766563567e-15 9.55892566102799e-15 1.22289670243349e-16
1312 1.51633170000965e-13 2.30218010016504e+02 2.27175000816520e+02 3.04300919998389e+00 4.94297150462249e-15 9.75527114944785e-15 1.30671859797121e-16
1320 1.52557762500971e-13 2.34881606541669e+02 2.31659998603888e+02 3.22160793778032e+00 5.04310278771060e-15 9.94786438973922e-15 1.38341185681973e-16
1328 1.53482355000976e-13 2.40105321769303e+02 2.36720899259437e+02 3.38442250986544e+00 5.15526028362765e-15 1.01651878539314e-14 1.45332713323936e-16
1336 1.54406947500982e-13 2.45815051251273e+02 2.42232274213509e+02 3.58277703776476e+00 5.27785290844645e-15 1.04018554313056e-14 1.53850385587273e-16
1344 1.55331540000988e-13 2.51294694007600e+02 2.47510938417357e+02 3.78375559024257e+00 5.39550538054491e-15 1.06285300232737e-14 1.62480737816162e-16
1352 1.56256132500994e-13 2.55767417576943e+02 2.51805751162712e+02 3.96166641423091e+00 5.49153846305542e-15 1.08129564025692e-14 1.70120523541659e-16
1360 1.57180725001000e-13 2.60762851253029e+02 2.56600906656486e+02 4.16194459654295e+00 5.59879456483630e-15 1.10188683289581e-14 1.78720800714544e-16
1368 1.58105317501006e-13 2.66080612081303e+02 2.61700538341306e+02 4.38007373999741e+00 5.71297129775426e-15 1.12378549677560e-14 1.88087627752497e-16
1376 1.59029910001012e-13 2.72471186486301e+02 2.67893464978219e+02 4.57772150808202e+00 5.85018222742830e-15 1.15037895042789e-14 1.96574950577713e-16
1384 1.59954502501018e-13 2.77417610444012e+02 2.72634104299323e+02 4.78350614468960e+00 5.95638604993114e-15 1.17073604158355e-14 2.05411684026738e-16
1392 1.60879095001023e-13 2.82524516183984e+02 2.77510340887559e+02 5.01417529642557e+00 6.06603554932376e-15 1.19167540988382e-14 2.15316999809327e-16
1400 1.61803687501029e-13 2.88789203382456e+02 2.83556114041292e+02 5.23308934116420e+00 6.20054357632477e-15 1.21763696208399e-14 2.24717531809643e-16
1408 1.62728280001035e-13 2.94158637835276e+02 2.88708340724620e+02 5.45029711065654e+00 6.31582978479442e-15 1.23976147760666e-14 2.34044793522194e-16
1416 1.63652872501041e-13 3.01165961928842e+02 2.95474356171262e+02 5.69160575758050e+00 6.46628284151082e-15 1.26881586961552e-14 2.44406986866482e-16
1424 1.64577465001047e-13 3.07130235945830e+02 3.01199728965596e+02 5.93050698023424e+00 6.59434074849046e-15 1.29340156955594e-14 2.54665801421540e-16
1432 1.65502057501053e-13 3.13183384126987e+02 3.07018908750886e+02 6.16447537610111e+00 6.72430685744333e-15 1.31839009226700e-14 2.64712792216650e-16
1440 1.66426650001059e-13 3.19043243127506e+02 3.12625761469319e+02 6.41748165818693e+00 6.85012288746893e-15 1.34246684735305e-14 2.75577301407317e-16
1448 1.67351242501065e-13 3.26195386670369e+02 3.19521644514593e+02 6.67374215577511e+00 7.00368533780374e-15 1.37207891236009e-14 2.86581552006547e-16
1456 1.68275835001071e-13 3.33710344359470e+02 3.26783013289260e+02 6.92733107021004e+00 7.16503770859789e-15 1.40326043367996e-14 2.97471080396182e-16
1464 1.69200427501076e-13 3.38857301280193e+02 3.31662830803296e+02 7.19447047689771e+00 7.27554714003998e-15 1.42421517906926e-14 3.08942489387374e-16
1472 1.70125020001082e-13 3.45441895741736e+02 3.37976145930765e+02 7.46574981097149e+00 7.41692384115284e-15 1.45132560085819e-14 3.20591673723765e-16
1480 1.71049612501088e-13 3.51894288118162e+02 3.44155841237546e+02 7.73844688061597e+00 7.55546205391486e-15 1.47786223698538e-14 3.32301737975907e-16
1488 1.71974205001094e-13 3.59606921693922e+02 3.51585367500163e+02 8.02155419375861e+00 7.72105868985070e-15 1.50976585443593e-14 3.44458835342129e-16
1496 1.72898797501100e-13 3.67728339493715e+02 3.59422198172871e+02 8.30614132084446e+00 7.89543226192108e-15 1.54341850454698e-14 3.56679478372332e-16
1504 1.73823390001106e-13 3.72248812631291e+02 3.63653641293110e+02 8.59517133818056e+00 7.99249056724153e-15 1.56158902280077e-14 3.69090906475377e-16
1512 1.74747982501112e-13 3.80125237268309e+02 3.71232018004819e+02 8.89321926348936e+00 8.16160393303031e-15 1.59413182875638e-14 3.81889578496802e-16
1520 1.75672575001118e-13 3.88146425364043e+02 3.78956734822435e+02 9.18969054160769e+00 8.33382549027332e-15 1.62730304338726e-14 3.94620546674078e-16
1528 1.76597167501123e-13 3.96035888402026e+02 3.86544670165100e+02 9.49121823692651e+00 8.50321880133847e-15 1.65988689568884e-14 4.07568645788552e-16
1536 1.77521760001129e-13 4.02952482829595e+02 3.93150992134497e+02 9.80149069509861e+00 8.65172381691937e-15 1.68825553743216e-14 4.20892259517156e-16
1544 1.78446352501135e-13 4.09190970096137e+02 3.99083505571746e+02 1.01074645243905e+01 8.78566930966450e-15 1.71373073363337e-14 4.34031282995309e-16
1552 1.79370945001141e-13 4.15988852465735e+02 4.05571432927785e+02 1.04174195379501e+01 8.93162547895938e-15 1.74159096927928e-14 4.47341265125986e-16
1560 1.80295537501147e-13 4.24083564526532e+02 4.13348310671798e+02 1.07352538547334e+01 9.10542565667690e-15 1.77498617157543e-14 4.60989597599525e-16
1568 1.81220130001153e-13 4.30545966991561e+02 4.19497653101530e+02 1.10483138900312e+01 9.24417879433868e-15 1.80139246741662e-14 4.74432914511195e-16
1576 1.82144722501159e-13 4.37659053890204e+02 4.26296023765815e+02 1.13630301243899e+01 9.39690266614775e-15 1.83058579809393e-14 4.87947351356215e-16
1584 1.83069315001165e-13 4.45532182574264e+02 4.33848888413320e+02 1.16832941609436e+01 9.56594526509447e-15 1.86301905101642e-14 5.01700020024728e-16
1592 1.83993907501171e-13 4.50858747966577e+02 4.38858199638403e+02 1.20005483281736e+01 9.68031103930050e-15 1.88452986386863e-14 5.15323439914669e-16
1600 1.84918500001176e-13 4.58809547437079e+02 4.46492807099384e+02 1.23167403376950e+01 9.85102129441408e-15 1.91731413398364e-14 5.28901248991738e-16
1608 1.85843092501182e-13 4.65369066619764e+02 4.52734768393960e+02 1.26342982258040e+01 9.99185960850479e-15 1.94411815058498e-14 5.42537711159733e-16
1616 1.86767685001188e-13 4.70281398534364e+02 4.57329441081405e+02 1.29519574529587e+01 1.00973314465828e-14 1.96384843681713e-14 5.56178524994358e-16
1624 1.87692277501194e-13 4.76337752258179e+02 4.63070563473568e+02 1.32671887846106e+01 1.02273663811937e-14 1.98850176814163e-14 5.69715080971084e-16
1632 1.88616870001200e-13 4.82931481035969e+02 4.69353712694329e+02 1.35777683416393e+01 1.03689392036479e-14 2.01548265252620e-14 5.83051882033703e-16
1640 1.89541462501206e-13 4.89889989847847e+02 4.75998156618989e+02 1.38918332288583e+01 1.05183441558031e-14 2.04401499626534e-14 5.96538348952733e-16
1648 1.90466055001212e-13 4.96199469757242e+02 4.81995886839472e+02 1.42035829177699e+01 1.06538139194366e-14 2.06977024414550e-14 6.09925397418264e-16
1656 1.91390647501218e-13 5.00723219035441e+02 4.86219213154493e+02 1.45040058809487e+01 1.07509425662119e-14 2.08790590749206e-14 6.22826057503203e-16
1664 1.92315240001223e-13 5.06088249665539e+02 4.91277426428103e+02 1.48108232374355e+01 1.08661342209573e-14 2.10962671384771e-14 6.36001303437521e-16
1672 1.93239832501229e-13 5.09164888918265e+02 4.94047997487800e+02 1.51168914304650e+01 1.09321922159645e-14 2.12152400528779e-14 6.49144379051000e-16
1680 1.94164425001235e-13 5.13236984441181e+02 4.97830866814495e+02 1.54061176266853e+01 1.10196234822343e-14 2.13776827330681e-14 6.61564231400560e-16
1688 1.95089017501241e-13 5.16453212157666e+02 5.00749682864255e+02 1.57035292934118e+01 1.10886785572644e-14 2.15030215331052e-14 6.74335581423663e-16
1696 1.96013610001247e-13 5.19881149448966e+02 5.03878868113122e+02 1.60022813358439e+01 1.11622792123535e-14 2.16373939353054e-14 6.87164489401661e-16
1704 1.96938202501253e-13 5.24556274500132e+02 5.08275267538567e+02 1.62810069615646e+01 1.12626580224510e-14 2.18261826150560e-14 6.99133429845953e-16
1712 1.97862795001259e-13 5.28634979621868e+02 5.12065994721497e+02 1.65689849003702e+01 1.13502312022863e-14 2.19889627246198e-14 7.11499679952743e-16
1720 1.98787387501265e-13 5.34314172914708e+02 5.17452853635057e+02 1.68613192796513e+01 1.14721681898128e-14 2.22202833767898e-14 7.24053002835730e-16
1728 1.99711980001271e-13 5.37070086192791e+02 5.19936896715387e+02 1.71331894774036e+01 1.15313399322920e-14 2.23269523047459e-14 7.35727559838023e-16
1736 2.00636572501276e-13 5.40328324758717e+02 5.22913651243832e+02 1.74146735148850e+01 1.16012970150827e-14 2.24547790791091e-14 7.47814951056259e-16
1744 2.01561165001282e-13 5.43155782395789e+02 5.25452231214736e+02 1.77035511810537e+01 1.16620048742531e-14 2.25637899115586e-14 7.60219836947603e-16
1752 2.02485757501288e-13 5.45561810859535e+02 5.27587095354109e+02 1.79747155054264e+01 1.17136642997461e-14 2.26554645169155e-14 7.71864082576765e-16
1760 2.03410350001294e-13 5.47404197812009e+02 5.29148668858410e+02 1.82555289535989e+01 1.17532218747852e-14 2.27225210719920e-14 7.83922677578364e-16
1768 2.04334942501300e-13 5.53797276650124e+02 5.35251737763337e+02 1.85455388867871e+01 1.18904865767142e-14 2.29845969685358e-14 7.96376184892616e-16
1776 2.05259535001306e-13 5.61617869509766e+02 5.42794686300930e+02 1.88231832088356e+01 1.20584011879633e-14 2.33085036835620e-14 8.08298692364623e-16
1784 2.06184127501312e-13 5.68435406513522e+02 5.49326016909483e+02 1.91093896040394e+01 1.22047793585454e-14 2.35889698476386e-14 8.20588869452257e-16
1792 2.07108720001318e-13 5.72593287835414e+02 5.53188765431193e+02 1.94045224042209e+01 1.22940525170279e-14 2.37548426728878e-14 8.33262361167976e-16
1800 2.08033312501323e-13 5.75276415975497e+02 5.55582741807516e+02 1.96936741679808e+01 1.23516615022620e-14 2.38576439872598e-14 8.45679017264292e-16
1808 2.08957905001329e-13 5.77971235479521e+02 5.57981773608494e+02 1.99894618710270e+01 1.24095215107711e-14 2.39606623899475e-14 8.58380631594729e-16
1816 2.09882497501335e-13 5.79500545767746e+02 5.59208958035280e+02 2.02915877324664e+01 1.24423570703169e-14 2.40133597236798e-14 8.71354416954072e-16
1824 2.10807090001341e-13 5.81103947634685e+02 5.60509070311819e+02 2.05948773228669e+01 1.24767834374729e-14 2.40691887001815e-14 8.84378174764250e-16
1832 2.11731682501347e-13 5.84880055921515e+02 5.63978024138265e+02 2.09020317832496e+01 1.25578596124378e-14 2.42181513283769e-14 8.97567896498711e-16
1840 2.12656275001353e-13 5.88890941417357e+02 5.67680104598394e+02 2.12108368189630e+01 1.26439766486889e-14 2.43771248007036e-14 9.10828496674220e-16
1848 2.13580867501359e-13 5.93134165634353e+02 5.71607341202873e+02 2.15268244314793e+01 1.27350821898706e-14 2.45457668511362e-14 9.24397528605039e-16
1856 2.14505460001365e-13 5.94908338047679e+02 5.73065478996814e+02 2.18428590508647e+01 1.27731751422106e-14 2.46083817053324e-14 9.37968579088745e-16
1864 2.15430052501371e-13 5.98390973761933e+02 5.76236352978502e+02 2.21546207834309e+01 1.28479502177805e-14 2.47445442908322e-14 9.51356144728775e-16
1872 2.16354645001376e-13 6.01597576078316e+02 5.79118290757630e+02 2.24792853206854e+01 1.29167986274918e-14 2.48682994767910e-14 9.65297778192600e-16
1880 2.17279237501382e-13 6.06109729296811e+02 5.83309296324288e+02 2.28004329725231e+01 1.30136782972531e-14 2.50482682037400e-14 9.79088390766273e-16
1888 2.18203830001388e-13 6.09083367165733e+02 5.85971453649637e+02 2.31119135160956e+01 1.30775247671713e-14 2.51625856526579e-14 9.92463881684755e-16
1896 2.19128422501394e-13 6.12225326687924e+02 5.88784886489498e+02 2.34404401984266e+01 1.31449852425084e-14 2.52833991229559e-14 1.00657136206089e-15
1904 2.20053015001400e-13 6.16958931361997e+02 5.93195898698973e+02 2.37630326630240e+01 1.32466196585839e-14 2.54728152998781e-14 1.02042401728970e-15
1912 2.20977607501406e-13 6.18218230667417e+02 5.94146097341287e+02 2.40721333261306e+01 1.32736578585146e-14 2.55136184048337e-14 1.03369731219557e-15
1920 2.21902200001412e-13 6.21555892086106e+02 5.97156190321142e+02 2.43997017649633e+01 1.33453202157884e-14 2.56428767875695e-14 1.04776364400730e-15
1928 2.22826792501418e-13 6.24665907119447e+02 5.99945708881893e+02 2.47201982375543e+01 1.34120948164708e-14 2.57626633390770e-14 1.06152629386459e-15
1936 2.23751385001423e-13 6.29546341656087e+02 6.04519678552005e+02 2.50266631040814e+01 1.35168817914041e-14 2.59590771795125e-14 1.07468640329567e-15
1944 2.24675977501429e-13 6.33199423386791e+02 6.07848684914003e+02 2.53507384727874e+01 1.35953164842313e-14 2.61020302315772e-14 1.08860273688528e-15
1952 2.25600570001435e-13 6.36245361784821e+02 6.10577579164953e+02 2.56677826198680e+01 1.36607153064399e-14 2.62192134747180e-14 1.10221713816183e-15
1960 2.26525162501441e-13 6.38970776405349e+02 6.12996503603652e+02 2.59742728016970e+01 1.37192322174608e-14 2.63230861002477e-14 1.11537833467395e-15
1968 2.27449755001447e-13 6.43107476813716e+02 6.16812055439089e+02 2.62954213746273e+01 1.38080506041729e-14 2.64869322215448e-14 1.12916898680087e-15
1976 2.28374347501453e-13 6.49177542158069e+02 6.22565738095948e+02 2.66118040621208e+01 1.39383799386423e-14 2.67340048933785e-14 1.14275498390617e-15
1984 2.29298940001458e-13 6.53391536312250e+02 6.26467859943318e+02 2.69236763689317e+01 1.40288578861464e-14 2.69015684745052e-14 1.15614729778758e-15
1992 2.30223532501464e-13 6.56273905890478e+02 6.29028661519180e+02 2.72452443712979e+01 1.40907447502104e-14 2.70115335395109e-14 1.16995596090981e-15
2000 2.31148125001470e-13 6.60131296780109e+02 6.32567275992461e+02 2.75640207876474e+01 1.41735661300332e-14 2.71634875113658e-14 1.18364474870055e-15
2008 2.32072717501475e-13 6.61722213227726e+02 6.33835822067306e+02 2.78863911604201e+01 1.42077244248870e-14 2.72179609828359e-14 1.19748786693822e-15
2016 2.32997310001481e-13 6.66447512514255e+02 6.38234183423517e+02 2.82133290907375e+01 1.43091805174076e-14 2.74068339111461e-14 1.21152712366903e-15
2024 2.33921902501487e-13 6.69240262549768e+02 6.40700875553119e+02 2.85393869966481e+01 1.43691431756031e-14 2.75127577605133e-14 1.22552859069290e-15
2032 2.34846495001492e-13 6.74180502528658e+02 6.45303914428720e+02 2.88765880999384e+01 1.44752142229547e-14 2.77104198808237e-14 1.24000856508562e-15
2040 2.35771087501498e-13 6.79232778359197e+02 6.50019578109961e+02 2.92132002492351e+01 1.45836907729086e-14 2.79129182969997e-14 1.25446324881748e-15
2048 2.36695680001504e-13 6.83184356835875e+02 6.53634917898667e+02 2.95494389372080e+01 1.46685344382982e-14 2.80681669810954e-14 1.26890189550097e-15
2056 2.37620272501510e-13 6.87401890383034e+02 6.57499481339205e+02 2.99024090438295e+01 1.47590883795033e-14 2.82341177419678e-14 1.28405901703884e-15
2064 2.38544865001515e-13 6.93636494698032e+02 6.63386493696066e+02 3.02500010019664e+01 1.48929505020602e-14 2.84869158121556e-14 1.29898519196480e-15
2072 2.39469457501521e-13 6.99264927391940e+02 6.68667945969386e+02 3.05969814225544e+01 1.50137976174517e-14 2.87137101284489e-14 1.31388510645460e-15
2080 2.40394050001527e-13 7.05265415504989e+02 6.74302395851218e+02 3.09630196537719e+01 1.51426330710920e-14 2.89556627472568e-14 1.32960339492717e-15
2088 2.41318642501532e-13 7.08478587384518e+02 6.77159608846988e+02 3.13189785375300e+01 1.52116225347696e-14 2.90783562100290e-14 1.34488885951013e-15
2096 2.42243235001538e-13 7.13924963414692e+02 6.82250978065932e+02 3.16739853487602e+01 1.53285607426825e-14 2.92969880448446e-14 1.36013344052038e-15
2104 2.43167827501544e-13 7.18904133169012e+02 6.86857718151392e+02 3.20464150176200e+01 1.54354676445818e-14 2.94948091012424e-14 1.37612618792114e-15
2112 2.44092420001549e-13 7.24670803039039e+02 6.92265537378949e+02 3.24052656600895e+01 1.55592828267305e-14 2.97270298240438e-14 1.39153582941718e-15
2120 2.45017012501555e-13 7.28564573775788e+02 6.95801566269204e+02 3.27630075065841e+01 1.56428853120265e-14 2.98788727666772e-14 1.40689785737587e-15
2128 2.45941605001561e-13 7.36569343512715e+02 7.03435180865286e+02 3.31341626474293e+01 1.58147543534966e-14 3.02066728325625e-14 1.42283587443075e-15
2136 2.46866197501566e-13 7.44329031206172e+02 7.10838940255296e+02 3.34900909508765e+01 1.59813612803430e-14 3.05246025348415e-14 1.43812002584446e-15
2144 2.47790790001572e-13 7.52996447851180e+02 7.19150592873642e+02 3.38458549775374e+01 1.61674579002030e-14 3.08815186774653e-14 1.45339712294063e-15
2152 2.48715382501578e-13 7.59837230628004e+02 7.25627501943976e+02 3.42097286840281e+01 1.63143351768015e-14 3.11596478904699e-14 1.46902246313305e-15
2160 2.49639975001583e-13 7.67120124320316e+02 7.32561845042267e+02 3.45582792780481e+01 1.64707049412248e-14 3.14574200789765e-14 1.48398980347308e-15
2168 2.50564567501589e-13 7.74840108001611e+02 7.39931765334586e+02 3.49083426670258e+01 1.66364593900191e-14 3.17738966743016e-14 1.49902210573652e-15
2176 2.51489160001595e-13 7.80848614685667e+02 7.45586376469713e+02 3.52622382159542e+01 1.67654670090255e-14 3.20167150507497e-14 1.51421896730126e-15
2184 2.52413752501600e-13 7.88928643341059e+02 7.53324954921915e+02 3.56036884191438e+01 1.69389519218577e-14 3.23490224386276e-14 1.52888140508789e-15
2192 2.53338345001606e-13 7.97141118244736e+02 7.61193033802585e+02 3.59480844421510e+01 1.71152805654265e-14 3.26868907895919e-14 1.54367034126111e-15
2200 2.54262937501612e-13 8.06917514275512e+02 7.70625412877283e+02 3.62921013982285e+01 1.73251878919409e-14 3.30919327842098e-14 1.55844299967194e-15
2208 2.55187530001617e-13 8.14833336220470e+02 7.78204646033781e+02 3.66286901866890e+01 1.74951471505879e-14 3.34173976209250e-14 1.57289668025077e-15
2216 2.56112122501623e-13 8.22164584352072e+02 7.85195502089454e+02 3.69690822626180e+01 1.76525551249042e-14 3.37175965695097e-14 1.58751368029864e-15
2224 2.57036715001629e-13 8.27830768861033e+02 7.90523089370164e+02 3.73076794908694e+01 1.77742128030577e-14 3.39463719995037e-14 1.60205360661171e-15
2232 2.57961307501634e-13 8.37625369767287e+02 7.99979694726559e+02 3.76456750407284e+01 1.79845110033388e-14 3.43524543108204e-14 1.61656769585714e-15
2240 2.58885900001640e-13 8.47269660741311e+02 8.09282470226750e+02 3.79871905145610e+01 1.81915819247818e-14 3.47519309130901e-14 1.63123293647339e-15
2248 2.59810492501646e-13 8.53705140331388e+02 8.15379133290514e+02 3.83260070408732e+01 1.83297570060017e-14 3.50137317321947e-14 1.64578227980874e-15
2256 2.60735085001652e-13 8.61282848779443e+02 8.22613578799794e+02 3.86692699796485e+01 1.84924566876052e-14 3.53243908157438e-14 1.66052255946660e-15
2264 2.61659677501657e-13 8.69730455421170e+02 8.30716359530437e+02 3.90140958907332e+01 1.86738338044925e-14 3.56723376532384e-14 1.67532995574654e-15
2272 2.62584270001663e-13 8.79527262301324e+02 8.40171812237521e+02 3.93554500638026e+01 1.88841793688617e-14 3.60783704678828e-14 1.68998826984061e-15
2280 2.63508862501669e-13 8.93218377524340e+02 8.53512528782316e+02 3.97058487420249e+01 1.91781389613759e-14 3.66512429527717e-14 1.70503496998006e-15
2288 2.64433455001674e-13 9.06325939215983e+02 8.66269980858989e+02 4.00559583569932e+01 1.94595691758592e-14 3.71990690944543e-14 1.72006925726418e-15
2296 2.65358047501680e-13 9.20384638816499e+02 8.79982042493620e+02 4.04025963228791e+01 1.97614211096520e-14 3.77878877531226e-14 1.73495446618134e-15
2304 2.66282640001686e-13 9.35524796999213e+02 8.94763226322782e+02 4.07615706764310e+01 2.00864928556343e-14 3.84226162912322e-14 1.75036942003634e-15
2312 2.67207232501691e-13 9.47987492888920e+02 9.06870913199327e+02 4.11165796895926e+01 2.03540772668155e-14 3.89425404380299e-14 1.76561409560117e-15
2320 2.68131825001697e-13 9.54190012577614e+02 9.12722886659684e+02 4.14671259179299e+01 2.04872505058505e-14 3.91938338799138e-14 1.78066713178718e-15
2328 2.69056417501703e-13 9.60999073002087e+02 9.19168848396224e+02 4.18302246058633e+01 2.06334466772491e-14 3.94706341631003e-14 1.79625919139791e-15
2336 2.69981010001708e-13 9.65206022975656e+02 9.23021165618400e+02 4.21848573572568e+01 2.07237733803565e-14 3.96360590510543e-14 1.81148770965865e-15
2344 2.70905602501714e-13 9.74730586215973e+02 9.32196017565182e+02 4.25345686507907e+01 2.09282736481135e-14 4.00300424038669e-14 1.82650489236003e-15
2352 2.71830195001720e-13 9.91944054363370e+02 9.49046804008462e+02 4.28972503549076e+01 2.12978610776209e-14 4.07536431092473e-14 1.84207904599440e-15
2360 2.72754787501725e-13 1.01209179317543e+03 9.68842961875790e+02 4.32488312996384e+01 2.17304497305392e-14 4.16037229464607e-14 1.85717651461770e-15
2368 2.73679380001731e-13 1.02933719296198e+03 9.85742544712161e+02 4.35946482498172e+01 2.21007227588076e-14 4.23294190498559e-14 1.87202646775931e-15
2376 2.74603972501737e-13 1.04293517773471e+03 9.98982112070882e+02 4.39530656638290e+01 2.23926827633576e-14 4.28979480210081e-14 1.88741750570716e-15
2384 2.75528565001742e-13 1.05872894137609e+03 1.01443145183004e+03 4.42974895460542e+01 2.27317879603163e-14 4.35613682824311e-14 1.90220763820138e-15
2392 2.76453157501748e-13 1.07009637320636e+03 1.02546579079406e+03 4.46305824122964e+01 2.29758561442683e-14 4.40352010904520e-14 1.91651119808456e-15
2400 2.77377750001754e-13 1.08369342996614e+03 1.03871941194423e+03 4.49740180219139e+01 2.32677962236109e-14 4.46043335547072e-14 1.93125889251463e-15
2408 2.78302342501759e-13 1.09834842494230e+03 1.05304590138549e+03 4.53025235568096e+01 2.35824511133928e-14 4.52195367620008e-14 1.94536546478484e-15
2416 2.79226935001765e-13 1.10948158373422e+03 1.06387017024533e+03 4.56114134888972e+01 2.38214892610206e-14 4.56843488114899e-14 1.95862971055140e-15
2424 2.80151527501771e-13 1.11929958618044e+03 1.07337333451582e+03 4.59262516646182e+01 2.40322899117624e-14 4.60924304397641e-14 1.97214938376068e-15
2432 2.81076120001776e-13 1.12863844722381e+03 1.08240684513604e+03 4.62316020877715e+01 2.42328029994209e-14 4.64803443616961e-14 1.98526163714574e-15
2440 2.82000712501782e-13 1.13688611380118e+03 1.09037628546567e+03 4.65098283355117e+01 2.44098872373945e-14 4.68225653413173e-14 1.99720913347167e-15
2448 2.82925305001788e-13 1.14264421582796e+03 1.09585602877200e+03 4.67881870559596e+01 2.45335184608468e-14 4.70578746032982e-14 2.00916231839529e-15
2456 2.83849897501794e-13 1.15422953181103e+03 1.10716185259367e+03 4.70676792173656e+01 2.47822647981653e-14 4.75433654211780e-14 2.02116417515268e-15
2464 2.84774490001799e-13 1.16299842184991e+03 1.11568358267358e+03 4.73148391763248e+01 2.49705401359037e-14 4.79093026382713e-14 2.03177763353616e-15
2472 2.85699082501805e-13 1.17298823138660e+03 1.12543686971098e+03 4.75513616756199e+01 2.51850296272904e-14 4.83281249528140e-14 2.04193430176672e-15
2480 2.86623675001811e-13 1.18003034160187e+03 1.13222941275952e+03 4.78009288423424e+01 2.53362295708742e-14 4.86198080121061e-14 2.05265112964226e-15
2488 2.87548267501816e-13 1.18584653202272e+03 1.13782800551448e+03 4.80185265082420e+01 2.54611080002972e-14 4.88602208664415e-14 2.06199513415292e-15
2496 2.88472860001822e-13 1.18726844188717e+03 1.13905735448765e+03 4.82110873995250e+01 2.54916375837195e-14 4.89130111493839e-14 2.07026401805517e-15
2504 2.89397452501828e-13 1.19106455349880e+03 1.14263777304426e+03 4.84267804545440e+01 2.55731432466488e-14 4.90667602578804e-14 2.07952623541711e-15
2512 2.90322045001833e-13 1.19444968786758e+03 1.14583042046246e+03 4.86192674051216e+01 2.56458248875116e-14 4.92038578308403e-14 2.08779194418289e-15
2520 2.91246637501839e-13 1.19369824557353e+03 1.14492628553614e+03 4.87719600373853e+01 2.56296907985818e-14 4.91650327782149e-14 2.09434881894861e-15
2528 2.92171230001845e-13 1.19419147666478e+03 1.14523885100651e+03 4.89526256582725e+01 2.56402808789543e-14 4.91784548576887e-14 2.10210690021989e-15
2536 2.93095822501850e-13 1.19780641587100e+03 1.14868049819980e+03 4.91259176711993e+01 2.57178966201639e-14 4.93262448937866e-14 2.10954834654127e-15
2544 2.94020415001856e-13 1.20471834563158e+03 1.15546949723233e+03 4.92488483992471e+01 2.58663014814781e-14 4.96177757671561e-14 2.11482719580019e-15
2552 2.94945007501862e-13 1.21284756960609e+03 1.16345152818159e+03 4.93960414244992e+01 2.60408426585903e-14 4.99605374088571e-14 2.12114790832349e-15
2560 2.95869600001867e-13 1.22245857615010e+03 1.17290438166323e+03 4.95541944868696e+01 2.62471989357311e-14 5.03664586084518e-14 2.12793926301037e-15
2568 2.96794192501873e-13 1.23261131251323e+03 1.18295222422642e+03 4.96590882868119e+01 2.64651866011327e-14 5.07979296255909e-14 2.13244357667453e-15
2576 2.97718785001879e-13 1.24264760059377e+03 1.19287266866564e+03 4.97749319281264e+01 2.66806740253821e-14 5.12239299560842e-14 2.13741809468004e-15
2584 2.98643377501884e-13 1.25637612657048e+03 1.20645932096626e+03 4.99168056042211e+01 2.69754368577881e-14 5.18073633300442e-14 2.14351038553201e-15
2592 2.99567970001890e-13 1.27031045632475e+03 1.22029915297301e+03 5.00113033517435e+01 2.72746184678908e-14 5.24016686603111e-14 2.14756827547052e-15
2600 3.00492562501896e-13 1.28187337806635e+03 1.23177617665268e+03 5.00972014136662e+01 2.75228839822822e-14 5.28945110839118e-14 2.15125688065267e-15
2608 3.01417155001901e-13 1.29489476385022e+03 1.24467973578401e+03 5.02150280662127e+01 2.78024639285937e-14 5.34486113047396e-14 2.15631655244795e-15
2616 3.02341747501907e-13 1.30511663374043e+03 1.25481811098727e+03 5.02985227531643e+01 2.80219359481271e-14 5.38839699435297e-14 2.15990195272449e-15
2624 3.03266340001913e-13 1.31464764031104e+03 1.26429453566243e+03 5.03531046486085e+01 2.82265745595264e-14 5.42909033292512e-14 2.16224578980161e-15
2632 3.04190932501918e-13 1.32553843420792e+03 1.27510528544709e+03 5.04331487608290e+01 2.84604089319595e-14 5.47551348472402e-14 2.16568301667878e-15
2640 3.05115525001924e-13 1.33558948211969e+03 1.28509590102841e+03 5.04935810912886e+01 2.86762132620201e-14 5.51841484429057e-14 2.16827808113441e-15
2648 3.06040117501930e-13 1.34892266792329e+03 1.29841147644990e+03 5.05111914733852e+01 2.89624878132086e-14 5.57559413262808e-14 2.16903430013642e-15
2656 3.06964710001936e-13 1.36264674335600e+03 1.31210644790443e+03 5.05402954515762e+01 2.92571550887461e-14 5.63440261042831e-14 2.17028407320898e-15
2664 3.07889302501941e-13 1.37450893499444e+03 1.32394493090149e+03 5.05640040929484e+01 2.95118461758897e-14 5.68523901902053e-14 2.17130216157407e-15
2672 3.08813895001947e-13 1.38649835362219e+03 1.33595577154143e+03 5.05425820807639e+01 2.97692689319536e-14 5.73681555990500e-14 2.17038226485711e-15
2680 3.09738487501953e-13 1.39759162938774e+03 1.34707347816002e+03 5.05181512277155e+01 3.00074507579456e-14 5.78455683523659e-14 2.16933316352535e-15
2688 3.10663080001958e-13 1.41135094734399e+03 1.36085195325701e+03 5.04989940869749e+01 3.03028747196762e-14 5.84372389152095e-14 2.16851052414293e-15
2696 3.11587672501964e-13 1.42607009690277e+03 1.37562690951099e+03 5.04431873917752e+01 3.06189070615252e-14 5.90717000309166e-14 2.16611409213382e-15
2704 3.12512265001970e-13 1.44003937767657e+03 1.38966468235544e+03 5.03746953211311e+01 3.09188390989883e-14 5.96745052689035e-14 2.16317292907310e-15
2712 3.13436857501975e-13 1.45182074187546e+03 1.40150299505268e+03 5.03177468227741e+01 3.11717947540064e-14 6.01828620418693e-14 2.16072746614351e-15
2720 3.14361450001981e-13 1.46196080736376e+03 1.41172017825934e+03 5.02406291044251e+01 3.13895103652225e-14 6.06216048269745e-14 2.15741590347060e-15
2728 3.15286042501987e-13 1.47182372763204e+03 1.42167524581872e+03 5.01484818133196e+01 3.16012754388368e-14 6.10490919316463e-14 2.15345894602726e-15
2736 3.16210635001992e-13 1.48114601991130e+03 1.43107438757789e+03 5.00716323334065e+01 3.18014327813958e-14 6.14527066608342e-14 2.15015890195749e-15
2744 3.17135227501998e-13 1.48895892659954e+03 1.43896617236953e+03 4.99927542300116e+01 3.19691823641738e-14 6.17915929829153e-14 2.14677174543231e-15
2752 3.18059820002004e-13 1.49574349266910e+03 1.44583935392923e+03 4.99041387398703e+01 3.21148526214689e-14 6.20867387935603e-14 2.14296644937746e-15
2760 3.18984412502009e-13 1.50115631738417e+03 1.45132395206663e+03 4.98323653175351e+01 3.22310704548355e-14 6.23222565300357e-14 2.13988437963524e-15
2768 3.19909005002015e-13 1.50506491805426e+03 1.45528973810296e+03 4.97751799512947e+01 3.23149913510930e-14 6.24925539569799e-14 2.13742874520606e-15
2776 3.20833597502021e-13 1.50756031795493e+03 1.45783982006270e+03 4.97204978922262e+01 3.23685696554175e-14 6.26020587038982e-14 2.13508060693686e-15
2784 3.21758190002026e-13 1.50814055851094e+03 1.45845677502755e+03 4.96837834833913e+01 3.23810279011211e-14 6.26285517728865e-14 2.13350402935575e-15
2792 3.22682782502032e-13 1.50837961706421e+03 1.45870792769164e+03 4.96716893725720e+01 3.23861606864175e-14 6.26393366846477e-14 2.13298468818735e-15
2800 3.23607375002038e-13 1.50800842075220e+03 1.45833424748502e+03 4.96741732671890e+01 3.23781907939111e-14 6.26232902370821e-14 2.13309135074005e-15
2808 3.24531967502043e-13 1.50954613852011e+03 1.45985232681604e+03 4.96938117040742e+01 3.24112068690147e-14 6.26884790802525e-14 2.13393465777682e-15
2816 3.25456560002049e-13 1.51003732079909e+03 1.46029918795216e+03 4.97381328469303e+01 3.24217529596893e-14 6.27076680382513e-14 2.13583788112736e-15
2824 3.26381152502055e-13 1.51039441484924e+03 1.46059094142450e+03 4.98034734247389e+01 3.24294200649441e-14 6.27201964160271e-14 2.13864371386113e-15
2832 3.27305745002061e-13 1.51107675709464e+03 1.46119001581581e+03 4.98867412788367e+01 3.24440705185520e-14 6.27459216635451e-14 2.14221937355888e-15
2840 3.28230337502066e-13 1.51237548394286e+03 1.46238592653162e+03 4.99895574112461e+01 3.24719552605084e-14 6.27972760522821e-14 2.14663446873479e-15
2848 3.29154930002072e-13 1.51019541913118e+03 1.46008487330557e+03 5.01105458256084e+01 3.24251474619283e-14 6.26984650120326e-14 2.15182991182405e-15
2856 3.30079522502078e-13 1.51084388817756e+03 1.46060357901306e+03 5.02403091645037e+01 3.24390706298754e-14 6.27207390950309e-14 2.15740216471998e-15
2864 3.31004115002083e-13 1.50819079717709e+03 1.45781595946347e+03 5.03748377136227e+01 3.23821065669266e-14 6.26010340902105e-14 2.16317904364275e-15
2872 3.31928707502089e-13 1.50998428047669e+03 1.45947386791702e+03 5.05104125596681e+01 3.24206141400018e-14 6.26722274277136e-14 2.16900085229011e-15
2880 3.32853300002095e-13 1.51015984340916e+03 1.45951964234435e+03 5.06402010648104e+01 3.24243836216875e-14 6.26741930575086e-14 2.17457418586640e-15
2888 3.33777892502100e-13 1.50706512379945e+03 1.45630293556276e+03 5.07621882366899e+01 3.23579374264291e-14 6.25360623355989e-14 2.17981251725921e-15
2896 3.34702485002106e-13 1.50520790576429e+03 1.45433471041708e+03 5.08731953472176e+01 3.23180614157512e-14 6.24515434848877e-14 2.18457934661465e-15
2904 3.35627077502112e-13 1.50195367824044e+03 1.45098336042201e+03 5.09703178184313e+01 3.22481904533585e-14 6.23076309601772e-14 2.18874994653977e-15
2912 3.36551670002117e-13 1.49643274984608e+03 1.44538013005039e+03 5.10526197956905e+01 3.21296515443894e-14 6.20670189588941e-14 2.19228412988483e-15
2920 3.37476262502123e-13 1.49069534715968e+03 1.43957711386962e+03 5.11182332900561e+01 3.20064647529329e-14 6.18178278237578e-14 2.19510168210800e-15
2928 3.38400855002129e-13 1.48428415181311e+03 1.43311722533132e+03 5.11669264817916e+01 3.18688110745507e-14 6.15404295006158e-14 2.19719264848548e-15
2936 3.39325447502134e-13 1.47602345038811e+03 1.42482505008803e+03 5.11984003000831e+01 3.16914469675937e-14 6.11843497487666e-14 2.19854418642072e-15
2944 3.40250040002140e-13 1.46822714597937e+03 1.41701542202192e+03 5.12117239574494e+01 3.15240538495183e-14 6.08489913726805e-14 2.19911632635620e-15
2952 3.41174632502146e-13 1.46153510960865e+03 1.41032674559671e+03 5.12083640119346e+01 3.13803702815559e-14 6.05617685183861e-14 2.19897204472563e-15
2960 3.42099225002151e-13 1.45578535992532e+03 1.40459670948230e+03 5.11886504430140e+01 3.12569183898408e-14 6.03157112682869e-14 2.19812551139470e-15
2968 3.43023817502157e-13 1.45149314901914e+03 1.40034020809739e+03 5.11529409217490e+01 3.11647610638369e-14 6.01329300423221e-14 2.19659208535176e-15
2976 3.43948410002163e-13 1.44850265747657e+03 1.39739907399511e+03 5.11035834814640e+01 3.11005527315753e-14 6.00066328681103e-14 2.19447259504036e-15
2984 3.44873002502168e-13 1.44647590065549e+03 1.39543406113227e+03 5.10418395232197e+01 3.10570365826316e-14 5.99222519581500e-14 2.19182120711322e-15
2992 3.45797595002174e-13 1.44490567159679e+03 1.39393644198902e+03 5.09692296077772e+01 3.10233224631659e-14 5.98579417093616e-14 2.18870321697023e-15
3000 3.46722187502180e-13 1.44376766186785e+03 1.39287885904078e+03 5.08888028270705e+01 3.09988884509801e-14 5.98125273442863e-14 2.18524955767387e-15
3008 3.47646780002185e-13 1.44260600571284e+03 1.39180346767120e+03 5.08025380416395e+01 3.09739467304257e-14 5.97663482560751e-14 2.18154520477630e-15
3016 3.48571372502191e-13 1.44128181332978e+03 1.39056904220156e+03 5.07127711282157e+01 3.09455152223277e-14 5.97133399799585e-14 2.17769046469685e-15
3024 3.49495965002197e-13 1.43955083714928e+03 1.38892811492346e+03 5.06227222258129e+01 3.09083497289122e-14 5.96428758422812e-14 2.17382361554314e-15
