#[0]step() [1]time(s) [2]total macroparticles() [3]ele macroparticles() [4]ion macroparticles() [5]total weight() [6]ele weight() [7]ion weight()
0 0.00000000000000e+00 2.13896200000000e+06 1.06948100000000e+06 1.06948100000000e+06 4.65748203891551e+16 2.32874101945776e+16 2.32874101945776e+16
8 9.24592500005876e-16 2.13896200000000e+06 1.06948100000000e+06 1.06948100000000e+06 4.65748203891551e+16 2.32874101945776e+16 2.32874101945776e+16
16 1.84918500001175e-15 2.13896200000000e+06 1.06948100000000e+06 1.06948100000000e+06 4.65748203891551e+16 2.32874101945776e+16 2.32874101945776e+16
24 2.77377750001763e-15 2.13896200000000e+06 1.06948100000000e+06 1.06948100000000e+06 4.65748203891551e+16 2.32874101945776e+16 2.32874101945776e+16
32 3.69837000002350e-15 2.13896200000000e+06 1.06948100000000e+06 1.06948100000000e+06 4.65748203891551e+16 2.32874101945776e+16 2.32874101945776e+16
40 4.62296250002938e-15 2.13896200000000e+06 1.06948100000000e+06 1.06948100000000e+06 4.65748203891551e+16 2.32874101945776e+16 2.32874101945776e+16
48 5.54755500003526e-15 2.13896200000000e+06 1.06948100000000e+06 1.06948100000000e+06 4.65748203891551e+16 2.32874101945776e+16 2.32874101945776e+16
56 6.47214750004113e-15 2.13896200000000e+06 1.06948100000000e+06 1.06948100000000e+06 4.65748203891551e+16 2.32874101945776e+16 2.32874101945776e+16
64 7.39674000004701e-15 2.13896200000000e+06 1.06948100000000e+06 1.06948100000000e+06 4.65748203891551e+16 2.32874101945776e+16 2.32874101945776e+16
72 8.32133250005289e-15 2.13896200000000e+06 1.06948100000000e+06 1.06948100000000e+06 4.65748203891551e+16 2.32874101945776e+16 2.32874101945776e+16
80 9.24592500005877e-15 2.13896200000000e+06 1.06948100000000e+06 1.06948100000000e+06 4.65748203891551e+16 2.32874101945776e+16 2.32874101945776e+16
88 1.01705175000647e-14 2.13896200000000e+06 1.06948100000000e+06 1.06948100000000e+06 4.65748203891551e+16 2.32874101945776e+16 2.32874101945776e+16
96 1.10951100000705e-14 2.13896200000000e+06 1.06948100000000e+06 1.06948100000000e+06 4.65748203891551e+16 2.32874101945776e+16 2.32874101945776e+16
104 1.20197025000764e-14 2.13896200000000e+06 1.06948100000000e+06 1.06948100000000e+06 4.65748203891551e+16 2.32874101945776e+16 2.32874101945776e+16
112 1.29442950000823e-14 2.13896200000000e+06 1.06948100000000e+06 1.06948100000000e+06 4.65748203891551e+16 2.32874101945776e+16 2.32874101945776e+16
120 1.38688875000882e-14 2.13896200000000e+06 1.06948100000000e+06 1.06948100000000e+06 4.65748203891551e+16 2.32874101945776e+16 2.32874101945776e+16
128 1.47934800000941e-14 2.13896200000000e+06 1.06948100000000e+06 1.06948100000000e+06 4.65748203891551e+16 2.32874101945776e+16 2.32874101945776e+16
136 1.57180725001000e-14 2.13896200000000e+06 1.06948100000000e+06 1.06948100000000e+06 4.65748203891551e+16 2.32874101945776e+16 2.32874101945776e+16
144 1.66426650001058e-14 2.13896200000000e+06 1.06948100000000e+06 1.06948100000000e+06 4.65748203891551e+16 2.32874101945776e+16 2.32874101945776e+16
152 1.75672575001117e-14 2.13896200000000e+06 1.06948100000000e+06 1.06948100000000e+06 4.65748203891551e+16 2.32874101945776e+16 2.32874101945776e+16
160 1.84918500001176e-14 2.13896200000000e+06 1.06948100000000e+06 1.06948100000000e+06 4.65748203891551e+16 2.32874101945776e+16 2.32874101945776e+16
168 1.94164425001235e-14 2.13896200000000e+06 1.06948100000000e+06 1.06948100000000e+06 4.65748203891551e+16 2.32874101945776e+16 2.32874101945776e+16
176 2.03410350001294e-14 2.13896200000000e+06 1.06948100000000e+06 1.06948100000000e+06 4.65748203891551e+16 2.32874101945776e+16 2.32874101945776e+16
184 2.12656275001352e-14 2.13896200000000e+06 1.06948100000000e+06 1.06948100000000e+06 4.65748203891551e+16 2.32874101945776e+16 2.32874101945776e+16
192 2.21902200001411e-14 2.13896200000000e+06 1.06948100000000e+06 1.06948100000000e+06 4.65748203891551e+16 2.32874101945776e+16 2.32874101945776e+16
200 2.31148125001470e-14 2.13896200000000e+06 1.06948100000000e+06 1.06948100000000e+06 4.65748203891551e+16 2.32874101945776e+16 2.32874101945776e+16
208 2.40394050001529e-14 2.13896200000000e+06 1.06948100000000e+06 1.06948100000000e+06 4.65748203891551e+16 2.32874101945776e+16 2.32874101945776e+16
216 2.49639975001588e-14 2.13896200000000e+06 1.06948100000000e+06 1.06948100000000e+06 4.65748203891551e+16 2.32874101945776e+16 2.32874101945776e+16
224 2.58885900001647e-14 2.13896200000000e+06 1.06948100000000e+06 1.06948100000000e+06 4.65748203891551e+16 2.32874101945776e+16 2.32874101945776e+16
232 2.68131825001705e-14 2.13896200000000e+06 1.06948100000000e+06 1.06948100000000e+06 4.65748203891551e+16 2.32874101945776e+16 2.32874101945776e+16
240 2.77377750001764e-14 2.13896200000000e+06 1.06948100000000e+06 1.06948100000000e+06 4.65748203891551e+16 2.32874101945776e+16 2.32874101945776e+16
248 2.86623675001823e-14 2.13896200000000e+06 1.06948100000000e+06 1.06948100000000e+06 4.65748203891551e+16 2.32874101945776e+16 2.32874101945776e+16
256 2.95869600001882e-14 2.13896200000000e+06 1.06948100000000e+06 1.06948100000000e+06 4.65748203891551e+16 2.32874101945776e+16 2.32874101945776e+16
264 3.05115525001941e-14 2.13896200000000e+06 1.06948100000000e+06 1.06948100000000e+06 4.65748203891551e+16 2.32874101945776e+16 2.32874101945776e+16
272 3.14361450002000e-14 2.13896200000000e+06 1.06948100000000e+06 1.06948100000000e+06 4.65748203891551e+16 2.32874101945776e+16 2.32874101945776e+16
280 3.23607375002058e-14 2.13896200000000e+06 1.06948100000000e+06 1.06948100000000e+06 4.65748203891551e+16 2.32874101945776e+16 2.32874101945776e+16
288 3.32853300002117e-14 2.13896200000000e+06 1.06948100000000e+06 1.06948100000000e+06 4.65748203891551e+16 2.32874101945776e+16 2.32874101945776e+16
296 3.42099225002176e-14 2.13896200000000e+06 1.06948100000000e+06 1.06948100000000e+06 4.65748203891551e+16 2.32874101945776e+16 2.32874101945776e+16
304 3.51345150002235e-14 2.13896200000000e+06 1.06948100000000e+06 1.06948100000000e+06 4.65748203891551e+16 2.32874101945776e+16 2.32874101945776e+16
312 3.60591075002294e-14 2.13896200000000e+06 1.06948100000000e+06 1.06948100000000e+06 4.65748203891551e+16 2.32874101945776e+16 2.32874101945776e+16
320 3.69837000002352e-14 2.13896200000000e+06 1.06948100000000e+06 1.06948100000000e+06 4.65748203891551e+16 2.32874101945776e+16 2.32874101945776e+16
328 3.79082925002411e-14 2.13896200000000e+06 1.06948100000000e+06 1.06948100000000e+06 4.65748203891551e+16 2.32874101945776e+16 2.32874101945776e+16
336 3.88328850002470e-14 2.13896200000000e+06 1.06948100000000e+06 1.06948100000000e+06 4.65748203891551e+16 2.32874101945776e+16 2.32874101945776e+16
344 3.97574775002529e-14 2.13896200000000e+06 1.06948100000000e+06 1.06948100000000e+06 4.65748203891551e+16 2.32874101945776e+16 2.32874101945776e+16
352 4.06820700002588e-14 2.13896200000000e+06 1.06948100000000e+06 1.06948100000000e+06 4.65748203891551e+16 2.32874101945776e+16 2.32874101945776e+16
360 4.16066625002647e-14 2.13896200000000e+06 1.06948100000000e+06 1.06948100000000e+06 4.65748203891551e+16 2.32874101945776e+16 2.32874101945776e+16
368 4.25312550002705e-14 2.13896200000000e+06 1.06948100000000e+06 1.06948100000000e+06 4.65748203891551e+16 2.32874101945776e+16 2.32874101945776e+16
376 4.34558475002764e-14 2.13896200000000e+06 1.06948100000000e+06 1.06948100000000e+06 4.65748203891551e+16 2.32874101945776e+16 2.32874101945776e+16
384 4.43804400002823e-14 2.13896200000000e+06 1.06948100000000e+06 1.06948100000000e+06 4.65748203891551e+16 2.32874101945776e+16 2.32874101945776e+16
392 4.53050325002882e-14 2.13896200000000e+06 1.06948100000000e+06 1.06948100000000e+06 4.65748203891551e+16 2.32874101945776e+16 2.32874101945776e+16
400 4.62296250002941e-14 2.13896200000000e+06 1.06948100000000e+06 1.06948100000000e+06 4.65748203891551e+16 2.32874101945776e+16 2.32874101945776e+16
408 4.71542175003000e-14 2.13896200000000e+06 1.06948100000000e+06 1.06948100000000e+06 4.65748203891551e+16 2.32874101945776e+16 2.32874101945776e+16
416 4.80788100003058e-14 2.13896200000000e+06 1.06948100000000e+06 1.06948100000000e+06 4.65748203891551e+16 2.32874101945776e+16 2.32874101945776e+16
424 4.90034025003117e-14 2.13896200000000e+06 1.06948100000000e+06 1.06948100000000e+06 4.65748203891551e+16 2.32874101945776e+16 2.32874101945776e+16
432 4.99279950003176e-14 2.13896200000000e+06 1.06948100000000e+06 1.06948100000000e+06 4.65748203891551e+16 2.32874101945776e+16 2.32874101945776e+16
440 5.08525875003235e-14 2.13896200000000e+06 1.06948100000000e+06 1.06948100000000e+06 4.65748203891551e+16 2.32874101945776e+16 2.32874101945776e+16
448 5.17771800003294e-14 2.13896200000000e+06 1.06948100000000e+06 1.06948100000000e+06 4.65748203891551e+16 2.32874101945776e+16 2.32874101945776e+16
456 5.27017725003352e-14 2.13896200000000e+06 1.06948100000000e+06 1.06948100000000e+06 4.65748203891551e+16 2.32874101945776e+16 2.32874101945776e+16
464 5.36263650003411e-14 2.13896200000000e+06 1.06948100000000e+06 1.06948100000000e+06 4.65748203891551e+16 2.32874101945776e+16 2.32874101945776e+16
472 5.45509575003470e-14 2.13896200000000e+06 1.06948100000000e+06 1.06948100000000e+06 4.65748203891551e+16 2.32874101945776e+16 2.32874101945776e+16
480 5.54755500003529e-14 2.13896200000000e+06 1.06948100000000e+06 1.06948100000000e+06 4.65748203891551e+16 2.32874101945776e+16 2.32874101945776e+16
488 5.64001425003588e-14 2.13896200000000e+06 1.06948100000000e+06 1.06948100000000e+06 4.65748203891551e+16 2.32874101945776e+16 2.32874101945776e+16
496 5.73247350003647e-14 2.13896200000000e+06 1.06948100000000e+06 1.06948100000000e+06 4.65748203891551e+16 2.32874101945776e+16 2.32874101945776e+16
504 5.82493275003705e-14 2.13896200000000e+06 1.06948100000000e+06 1.06948100000000e+06 4.65748203891551e+16 2.32874101945776e+16 2.32874101945776e+16
512 5.91739200003764e-14 2.13896200000000e+06 1.06948100000000e+06 1.06948100000000e+06 4.65748203891551e+16 2.32874101945776e+16 2.32874101945776e+16
520 6.00985125003823e-14 2.13896200000000e+06 1.06948100000000e+06 1.06948100000000e+06 4.65748203891551e+16 2.32874101945776e+16 2.32874101945776e+16
528 6.10231050003882e-14 2.13896200000000e+06 1.06948100000000e+06 1.06948100000000e+06 4.65748203891551e+16 2.32874101945776e+16 2.32874101945776e+16
536 6.19476975003941e-14 2.13896200000000e+06 1.06948100000000e+06 1.06948100000000e+06 4.65748203891551e+16 2.32874101945776e+16 2.32874101945776e+16
544 6.28722900004000e-14 2.13896200000000e+06 1.06948100000000e+06 1.06948100000000e+06 4.65748203891551e+16 2.32874101945776e+16 2.32874101945776e+16
552 6.37968825004058e-14 2.13896200000000e+06 1.06948100000000e+06 1.06948100000000e+06 4.65748203891551e+16 2.32874101945776e+16 2.32874101945776e+16
560 6.47214750004117e-14 2.13896200000000e+06 1.06948100000000e+06 1.06948100000000e+06 4.65748203891551e+16 2.32874101945776e+16 2.32874101945776e+16
568 6.56460675004176e-14 2.13896200000000e+06 1.06948100000000e+06 1.06948100000000e+06 4.65748203891551e+16 2.32874101945776e+16 2.32874101945776e+16
576 6.65706600004235e-14 2.13896200000000e+06 1.06948100000000e+06 1.06948100000000e+06 4.65748203891551e+16 2.32874101945776e+16 2.32874101945776e+16
584 6.74952525004294e-14 2.13896200000000e+06 1.06948100000000e+06 1.06948100000000e+06 4.65748203891551e+16 2.32874101945776e+16 2.32874101945776e+16
592 6.84198450004352e-14 2.13896200000000e+06 1.06948100000000e+06 1.06948100000000e+06 4.65748203891551e+16 2.32874101945776e+16 2.32874101945776e+16
600 6.93444375004411e-14 2.13896200000000e+06 1.06948100000000e+06 1.06948100000000e+06 4.65748203891551e+16 2.32874101945776e+16 2.32874101945776e+16
608 7.02690300004470e-14 2.13896200000000e+06 1.06948100000000e+06 1.06948100000000e+06 4.65748203891551e+16 2.32874101945776e+16 2.32874101945776e+16
616 7.11936225004529e-14 2.13896200000000e+06 1.06948100000000e+06 1.06948100000000e+06 4.65748203891551e+16 2.32874101945776e+16 2.32874101945776e+16
624 7.21182150004588e-14 2.13896200000000e+06 1.06948100000000e+06 1.06948100000000e+06 4.65748203891551e+16 2.32874101945776e+16 2.32874101945776e+16
632 7.30428075004647e-14 2.13896200000000e+06 1.06948100000000e+06 1.06948100000000e+06 4.65748203891551e+16 2.32874101945776e+16 2.32874101945776e+16
640 7.39674000004705e-14 2.13896200000000e+06 1.06948100000000e+06 1.06948100000000e+06 4.65748203891551e+16 2.32874101945776e+16 2.32874101945776e+16
648 7.48919925004764e-14 2.13896200000000e+06 1.06948100000000e+06 1.06948100000000e+06 4.65748203891551e+16 2.32874101945776e+16 2.32874101945776e+16
656 7.58165850004823e-14 2.13896200000000e+06 1.06948100000000e+06 1.06948100000000e+06 4.65748203891551e+16 2.32874101945776e+16 2.32874101945776e+16
664 7.67411775004882e-14 2.13896200000000e+06 1.06948100000000e+06 1.06948100000000e+06 4.65748203891551e+16 2.32874101945776e+16 2.32874101945776e+16
672 7.76657700004941e-14 2.13896200000000e+06 1.06948100000000e+06 1.06948100000000e+06 4.65748203891551e+16 2.32874101945776e+16 2.32874101945776e+16
680 7.85903625005000e-14 2.13896200000000e+06 1.06948100000000e+06 1.06948100000000e+06 4.65748203891551e+16 2.32874101945776e+16 2.32874101945776e+16
688 7.95149550005058e-14 2.13896200000000e+06 1.06948100000000e+06 1.06948100000000e+06 4.65748203891551e+16 2.32874101945776e+16 2.32874101945776e+16
696 8.04395475005117e-14 2.13896200000000e+06 1.06948100000000e+06 1.06948100000000e+06 4.65748203891551e+16 2.32874101945776e+16 2.32874101945776e+16
704 8.13641400005176e-14 2.13896200000000e+06 1.06948100000000e+06 1.06948100000000e+06 4.65748203891551e+16 2.32874101945776e+16 2.32874101945776e+16
712 8.22887325005235e-14 2.13896200000000e+06 1.06948100000000e+06 1.06948100000000e+06 4.65748203891551e+16 2.32874101945776e+16 2.32874101945776e+16
720 8.32133250005294e-14 2.13896200000000e+06 1.06948100000000e+06 1.06948100000000e+06 4.65748203891551e+16 2.32874101945776e+16 2.32874101945776e+16
728 8.41379175005352e-14 2.13896200000000e+06 1.06948100000000e+06 1.06948100000000e+06 4.65748203891551e+16 2.32874101945776e+16 2.32874101945776e+16
736 8.50625100005411e-14 2.13896200000000e+06 1.06948100000000e+06 1.06948100000000e+06 4.65748203891551e+16 2.32874101945776e+16 2.32874101945776e+16
744 8.59871025005470e-14 2.13896200000000e+06 1.06948100000000e+06 1.06948100000000e+06 4.65748203891551e+16 2.32874101945776e+16 2.32874101945776e+16
752 8.69116950005529e-14 2.13896200000000e+06 1.06948100000000e+06 1.06948100000000e+06 4.65748203891551e+16 2.32874101945776e+16 2.32874101945776e+16
760 8.78362875005588e-14 2.13896200000000e+06 1.06948100000000e+06 1.06948100000000e+06 4.65748203891551e+16 2.32874101945776e+16 2.32874101945776e+16
768 8.87608800005647e-14 2.13896200000000e+06 1.06948100000000e+06 1.06948100000000e+06 4.65748203891551e+16 2.32874101945776e+16 2.32874101945776e+16
776 8.96854725005705e-14 2.13896200000000e+06 1.06948100000000e+06 1.06948100000000e+06 4.65748203891551e+16 2.32874101945776e+16 2.32874101945776e+16
784 9.06100650005764e-14 2.13896200000000e+06 1.06948100000000e+06 1.06948100000000e+06 4.65748203891551e+16 2.32874101945776e+16 2.32874101945776e+16
792 9.15346575005823e-14 2.13896200000000e+06 1.06948100000000e+06 1.06948100000000e+06 4.65748203891551e+16 2.32874101945776e+16 2.32874101945776e+16
800 9.24592500005882e-14 2.13896200000000e+06 1.06948100000000e+06 1.06948100000000e+06 4.65748203891551e+16 2.32874101945776e+16 2.32874101945776e+16
808 9.33838425005941e-14 2.13896200000000e+06 1.06948100000000e+06 1.06948100000000e+06 4.65748203891551e+16 2.32874101945776e+16 2.32874101945776e+16
816 9.43084350006000e-14 2.13896200000000e+06 1.06948100000000e+06 1.06948100000000e+06 4.65748203891551e+16 2.32874101945776e+16 2.32874101945776e+16
824 9.52330275006058e-14 2.13896200000000e+06 1.06948100000000e+06 1.06948100000000e+06 4.65748203891551e+16 2.32874101945776e+16 2.32874101945776e+16
832 9.61576200006117e-14 2.13896200000000e+06 1.06948100000000e+06 1.06948100000000e+06 4.65748203891551e+16 2.32874101945776e+16 2.32874101945776e+16
840 9.70822125006176e-14 2.13896200000000e+06 1.06948100000000e+06 1.06948100000000e+06 4.65748203891551e+16 2.32874101945776e+16 2.32874101945776e+16
848 9.80068050006235e-14 2.13896200000000e+06 1.06948100000000e+06 1.06948100000000e+06 4.65748203891551e+16 2.32874101945776e+16 2.32874101945776e+16
856 9.89313975006294e-14 2.13896200000000e+06 1.06948100000000e+06 1.06948100000000e+06 4.65748203891551e+16 2.32874101945776e+16 2.32874101945776e+16
864 9.98559900006352e-14 2.13896200000000e+06 1.06948100000000e+06 1.06948100000000e+06 4.65748203891551e+16 2.32874101945776e+16 2.32874101945776e+16
872 1.00780582500641e-13 2.13896200000000e+06 1.06948100000000e+06 1.06948100000000e+06 4.65748203891551e+16 2.32874101945776e+16 2.32874101945776e+16
880 1.01705175000647e-13 2.13896200000000e+06 1.06948100000000e+06 1.06948100000000e+06 4.65748203891551e+16 2.32874101945776e+16 2.32874101945776e+16
888 1.02629767500653e-13 2.13896200000000e+06 1.06948100000000e+06 1.06948100000000e+06 4.65748203891551e+16 2.32874101945776e+16 2.32874101945776e+16
896 1.03554360000659e-13 2.13896200000000e+06 1.06948100000000e+06 1.06948100000000e+06 4.65748203891551e+16 2.32874101945776e+16 2.32874101945776e+16
904 1.04478952500665e-13 2.13896200000000e+06 1.06948100000000e+06 1.06948100000000e+06 4.65748203891551e+16 2.32874101945776e+16 2.32874101945776e+16
912 1.05403545000671e-13 2.13896200000000e+06 1.06948100000000e+06 1.06948100000000e+06 4.65748203891551e+16 2.32874101945776e+16 2.32874101945776e+16
920 1.06328137500676e-13 2.13896200000000e+06 1.06948100000000e+06 1.06948100000000e+06 4.65748203891551e+16 2.32874101945776e+16 2.32874101945776e+16
928 1.07252730000682e-13 2.13896200000000e+06 1.06948100000000e+06 1.06948100000000e+06 4.65748203891551e+16 2.32874101945776e+16 2.32874101945776e+16
936 1.08177322500688e-13 2.13896200000000e+06 1.06948100000000e+06 1.06948100000000e+06 4.65748203891551e+16 2.32874101945776e+16 2.32874101945776e+16
944 1.09101915000694e-13 2.13896200000000e+06 1.06948100000000e+06 1.06948100000000e+06 4.65748203891551e+16 2.32874101945776e+16 2.32874101945776e+16
952 1.10026507500700e-13 2.13896200000000e+06 1.06948100000000e+06 1.06948100000000e+06 4.65748203891551e+16 2.32874101945776e+16 2.32874101945776e+16
960 1.10951100000706e-13 2.13896200000000e+06 1.06948100000000e+06 1.06948100000000e+06 4.65748203891551e+16 2.32874101945776e+16 2.32874101945776e+16
968 1.11875692500712e-13 2.13896200000000e+06 1.06948100000000e+06 1.06948100000000e+06 4.65748203891551e+16 2.32874101945776e+16 2.32874101945776e+16
976 1.12800285000718e-13 2.13896200000000e+06 1.06948100000000e+06 1.06948100000000e+06 4.65748203891551e+16 2.32874101945776e+16 2.32874101945776e+16
984 1.13724877500723e-13 2.13896200000000e+06 1.06948100000000e+06 1.06948100000000e+06 4.65748203891551e+16 2.32874101945776e+16 2.32874101945776e+16
992 1.14649470000729e-13 2.13896200000000e+06 1.06948100000000e+06 1.06948100000000e+06 4.65748203891551e+16 2.32874101945776e+16 2.32874101945776e+16
1000 1.15574062500735e-13 2.13896200000000e+06 1.06948100000000e+06 1.06948100000000e+06 4.65748203891551e+16 2.32874101945776e+16 2.32874101945776e+16
1008 1.16498655000741e-13 2.13896200000000e+06 1.06948100000000e+06 1.06948100000000e+06 4.65748203891551e+16 2.32874101945776e+16 2.32874101945776e+16
1016 1.17423247500747e-13 2.13896200000000e+06 1.06948100000000e+06 1.06948100000000e+06 4.65748203891551e+16 2.32874101945776e+16 2.32874101945776e+16
1024 1.18347840000753e-13 2.13896200000000e+06 1.06948100000000e+06 1.06948100000000e+06 4.65748203891551e+16 2.32874101945776e+16 2.32874101945776e+16
1032 1.19272432500759e-13 2.13896200000000e+06 1.06948100000000e+06 1.06948100000000e+06 4.65748203891551e+16 2.32874101945776e+16 2.32874101945776e+16
1040 1.20197025000765e-13 2.13896200000000e+06 1.06948100000000e+06 1.06948100000000e+06 4.65748203891551e+16 2.32874101945776e+16 2.32874101945776e+16
1048 1.21121617500771e-13 2.13896200000000e+06 1.06948100000000e+06 1.06948100000000e+06 4.65748203891551e+16 2.32874101945776e+16 2.32874101945776e+16
1056 1.22046210000776e-13 2.13896200000000e+06 1.06948100000000e+06 1.06948100000000e+06 4.65748203891551e+16 2.32874101945776e+16 2.32874101945776e+16
1064 1.22970802500782e-13 2.13896200000000e+06 1.06948100000000e+06 1.06948100000000e+06 4.65748203891551e+16 2.32874101945776e+16 2.32874101945776e+16
1072 1.23895395000788e-13 2.13896200000000e+06 1.06948100000000e+06 1.06948100000000e+06 4.65748203891551e+16 2.32874101945776e+16 2.32874101945776e+16
1080 1.24819987500794e-13 2.13896200000000e+06 1.06948100000000e+06 1.06948100000000e+06 4.65748203891551e+16 2.32874101945776e+16 2.32874101945776e+16
1088 1.25744580000800e-13 2.13896200000000e+06 1.06948100000000e+06 1.06948100000000e+06 4.65748203891551e+16 2.32874101945776e+16 2.32874101945776e+16
1096 1.26669172500806e-13 2.13896200000000e+06 1.06948100000000e+06 1.06948100000000e+06 4.65748203891551e+16 2.32874101945776e+16 2.32874101945776e+16
1104 1.27593765000812e-13 2.13896200000000e+06 1.06948100000000e+06 1.06948100000000e+06 4.65748203891551e+16 2.32874101945776e+16 2.32874101945776e+16
1112 1.28518357500818e-13 2.13896200000000e+06 1.06948100000000e+06 1.06948100000000e+06 4.65748203891551e+16 2.32874101945776e+16 2.32874101945776e+16
1120 1.29442950000823e-13 2.13896200000000e+06 1.06948100000000e+06 1.06948100000000e+06 4.65748203891551e+16 2.32874101945776e+16 2.32874101945776e+16
1128 1.30367542500829e-13 2.13896200000000e+06 1.06948100000000e+06 1.06948100000000e+06 4.65748203891551e+16 2.32874101945776e+16 2.32874101945776e+16
1136 1.31292135000835e-13 2.13896200000000e+06 1.06948100000000e+06 1.06948100000000e+06 4.65748203891551e+16 2.32874101945776e+16 2.32874101945776e+16
1144 1.32216727500841e-13 2.13896200000000e+06 1.06948100000000e+06 1.06948100000000e+06 4.65748203891551e+16 2.32874101945776e+16 2.32874101945776e+16
1152 1.33141320000847e-13 2.13896200000000e+06 1.06948100000000e+06 1.06948100000000e+06 4.65748203891551e+16 2.32874101945776e+16 2.32874101945776e+16
1160 1.34065912500853e-13 2.13896200000000e+06 1.06948100000000e+06 1.06948100000000e+06 4.65748203891551e+16 2.32874101945776e+16 2.32874101945776e+16
1168 1.34990505000859e-13 2.13896200000000e+06 1.06948100000000e+06 1.06948100000000e+06 4.65748203891551e+16 2.32874101945776e+16 2.32874101945776e+16
1176 1.35915097500865e-13 2.13896200000000e+06 1.06948100000000e+06 1.06948100000000e+06 4.65748203891551e+16 2.32874101945776e+16 2.32874101945776e+16
1184 1.36839690000871e-13 2.13896200000000e+06 1.06948100000000e+06 1.06948100000000e+06 4.65748203891551e+16 2.32874101945776e+16 2.32874101945776e+16
1192 1.37764282500876e-13 2.13896200000000e+06 1.06948100000000e+06 1.06948100000000e+06 4.65748203891551e+16 2.32874101945776e+16 2.32874101945776e+16
1200 1.38688875000882e-13 2.13896200000000e+06 1.06948100000000e+06 1.06948100000000e+06 4.65748203891551e+16 2.32874101945776e+16 2.32874101945776e+16
1208 1.39613467500888e-13 2.13896200000000e+06 1.06948100000000e+06 1.06948100000000e+06 4.65748203891551e+16 2.32874101945776e+16 2.32874101945776e+16
1216 1.40538060000894e-13 2.13896200000000e+06 1.06948100000000e+06 1.06948100000000e+06 4.65748203891551e+16 2.32874101945776e+16 2.32874101945776e+16
1224 1.41462652500900e-13 2.13896200000000e+06 1.06948100000000e+06 1.06948100000000e+06 4.65748203891551e+16 2.32874101945776e+16 2.32874101945776e+16
1232 1.42387245000906e-13 2.13896200000000e+06 1.06948100000000e+06 1.06948100000000e+06 4.65748203891551e+16 2.32874101945776e+16 2.32874101945776e+16
1240 1.43311837500912e-13 2.13896200000000e+06 1.06948100000000e+06 1.06948100000000e+06 4.65748203891551e+16 2.32874101945776e+16 2.32874101945776e+16
1248 1.44236430000918e-13 2.13896200000000e+06 1.06948100000000e+06 1.06948100000000e+06 4.65748203891551e+16 2.32874101945776e+16 2.32874101945776e+16
1256 1.45161022500923e-13 2.13896200000000e+06 1.06948100000000e+06 1.06948100000000e+06 4.65748203891551e+16 2.32874101945776e+16 2.32874101945776e+16
1264 1.46085615000929e-13 2.13896200000000e+06 1.06948100000000e+06 1.06948100000000e+06 4.65748203891551e+16 2.32874101945776e+16 2.32874101945776e+16
1272 1.47010207500935e-13 2.13896200000000e+06 1.06948100000000e+06 1.06948100000000e+06 4.65748203891551e+16 2.32874101945776e+16 2.32874101945776e+16
1280 1.47934800000941e-13 2.13896200000000e+06 1.06948100000000e+06 1.06948100000000e+06 4.65748203891551e+16 2.32874101945776e+16 2.32874101945776e+16
1288 1.48859392500947e-13 2.13896200000000e+06 1.06948100000000e+06 1.06948100000000e+06 4.65748203891551e+16 2.32874101945776e+16 2.32874101945776e+16
1296 1.49783985000953e-13 2.13896200000000e+06 1.06948100000000e+06 1.06948100000000e+06 4.65748203891551e+16 2.32874101945776e+16 2.32874101945776e+16
1304 1.50708577500959e-13 2.13896200000000e+06 1.06948100000000e+06 1.06948100000000e+06 4.65748203891551e+16 2.32874101945776e+16 2.32874101945776e+16
1312 1.51633170000965e-13 2.13896200000000e+06 1.06948100000000e+06 1.06948100000000e+06 4.65748203891551e+16 2.32874101945776e+16 2.32874101945776e+16
1320 1.52557762500971e-13 2.13896200000000e+06 1.06948100000000e+06 1.06948100000000e+06 4.65748203891551e+16 2.32874101945776e+16 2.32874101945776e+16
1328 1.53482355000976e-13 2.13896200000000e+06 1.06948100000000e+06 1.06948100000000e+06 4.65748203891551e+16 2.32874101945776e+16 2.32874101945776e+16
1336 1.54406947500982e-13 2.13896200000000e+06 1.06948100000000e+06 1.06948100000000e+06 4.65748203891551e+16 2.32874101945776e+16 2.32874101945776e+16
1344 1.55331540000988e-13 2.13896200000000e+06 1.06948100000000e+06 1.06948100000000e+06 4.65748203891551e+16 2.32874101945776e+16 2.32874101945776e+16
1352 1.56256132500994e-13 2.13896200000000e+06 1.06948100000000e+06 1.06948100000000e+06 4.65748203891551e+16 2.32874101945776e+16 2.32874101945776e+16
1360 1.57180725001000e-13 2.13896200000000e+06 1.06948100000000e+06 1.06948100000000e+06 4.65748203891551e+16 2.32874101945776e+16 2.32874101945776e+16
1368 1.58105317501006e-13 2.13896200000000e+06 1.06948100000000e+06 1.06948100000000e+06 4.65748203891551e+16 2.32874101945776e+16 2.32874101945776e+16
1376 1.59029910001012e-13 2.13896200000000e+06 1.06948100000000e+06 1.06948100000000e+06 4.65748203891551e+16 2.32874101945776e+16 2.32874101945776e+16
1384 1.59954502501018e-13 2.13896200000000e+06 1.06948100000000e+06 1.06948100000000e+06 4.65748203891551e+16 2.32874101945776e+16 2.32874101945776e+16
1392 1.60879095001023e-13 2.13896200000000e+06 1.06948100000000e+06 1.06948100000000e+06 4.65748203891551e+16 2.32874101945776e+16 2.32874101945776e+16
1400 1.61803687501029e-13 2.13896200000000e+06 1.06948100000000e+06 1.06948100000000e+06 4.65748203891551e+16 2.32874101945776e+16 2.32874101945776e+16
1408 1.62728280001035e-13 2.13896200000000e+06 1.06948100000000e+06 1.06948100000000e+06 4.65748203891551e+16 2.32874101945776e+16 2.32874101945776e+16
1416 1.63652872501041e-13 2.13896200000000e+06 1.06948100000000e+06 1.06948100000000e+06 4.65748203891551e+16 2.32874101945776e+16 2.32874101945776e+16
1424 1.64577465001047e-13 2.13896200000000e+06 1.06948100000000e+06 1.06948100000000e+06 4.65748203891551e+16 2.32874101945776e+16 2.32874101945776e+16
1432 1.65502057501053e-13 2.13896200000000e+06 1.06948100000000e+06 1.06948100000000e+06 4.65748203891551e+16 2.32874101945776e+16 2.32874101945776e+16
1440 1.66426650001059e-13 2.13896200000000e+06 1.06948100000000e+06 1.06948100000000e+06 4.65748203891551e+16 2.32874101945776e+16 2.32874101945776e+16
1448 1.67351242501065e-13 2.13896200000000e+06 1.06948100000000e+06 1.06948100000000e+06 4.65748203891551e+16 2.32874101945776e+16 2.32874101945776e+16
1456 1.68275835001071e-13 2.13896200000000e+06 1.06948100000000e+06 1.06948100000000e+06 4.65748203891551e+16 2.32874101945776e+16 2.32874101945776e+16
1464 1.69200427501076e-13 2.13896200000000e+06 1.06948100000000e+06 1.06948100000000e+06 4.65748203891551e+16 2.32874101945776e+16 2.32874101945776e+16
1472 1.70125020001082e-13 2.13896200000000e+06 1.06948100000000e+06 1.06948100000000e+06 4.65748203891551e+16 2.32874101945776e+16 2.32874101945776e+16
1480 1.71049612501088e-13 2.13896200000000e+06 1.06948100000000e+06 1.06948100000000e+06 4.65748203891551e+16 2.32874101945776e+16 2.32874101945776e+16
1488 1.71974205001094e-13 2.13896200000000e+06 1.06948100000000e+06 1.06948100000000e+06 4.65748203891551e+16 2.32874101945776e+16 2.32874101945776e+16
1496 1.72898797501100e-13 2.13896200000000e+06 1.06948100000000e+06 1.06948100000000e+06 4.65748203891551e+16 2.32874101945776e+16 2.32874101945776e+16
1504 1.73823390001106e-13 2.13896200000000e+06 1.06948100000000e+06 1.06948100000000e+06 4.65748203891551e+16 2.32874101945776e+16 2.32874101945776e+16
1512 1.74747982501112e-13 2.13896200000000e+06 1.06948100000000e+06 1.06948100000000e+06 4.65748203891551e+16 2.32874101945776e+16 2.32874101945776e+16
1520 1.75672575001118e-13 2.13896200000000e+06 1.06948100000000e+06 1.06948100000000e+06 4.65748203891551e+16 2.32874101945776e+16 2.32874101945776e+16
1528 1.76597167501123e-13 2.13896200000000e+06 1.06948100000000e+06 1.06948100000000e+06 4.65748203891551e+16 2.32874101945776e+16 2.32874101945776e+16
1536 1.77521760001129e-13 2.13896200000000e+06 1.06948100000000e+06 1.06948100000000e+06 4.65748203891551e+16 2.32874101945776e+16 2.32874101945776e+16
1544 1.78446352501135e-13 2.13896200000000e+06 1.06948100000000e+06 1.06948100000000e+06 4.65748203891551e+16 2.32874101945776e+16 2.32874101945776e+16
1552 1.79370945001141e-13 2.13896200000000e+06 1.06948100000000e+06 1.06948100000000e+06 4.65748203891551e+16 2.32874101945776e+16 2.32874101945776e+16
1560 1.80295537501147e-13 2.13896200000000e+06 1.06948100000000e+06 1.06948100000000e+06 4.65748203891551e+16 2.32874101945776e+16 2.32874101945776e+16
1568 1.81220130001153e-13 2.13896200000000e+06 1.06948100000000e+06 1.06948100000000e+06 4.65748203891551e+16 2.32874101945776e+16 2.32874101945776e+16
1576 1.82144722501159e-13 2.13896200000000e+06 1.06948100000000e+06 1.06948100000000e+06 4.65748203891551e+16 2.32874101945776e+16 2.32874101945776e+16
1584 1.83069315001165e-13 2.13896200000000e+06 1.06948100000000e+06 1.06948100000000e+06 4.65748203891551e+16 2.32874101945776e+16 2.32874101945776e+16
1592 1.83993907501171e-13 2.13896200000000e+06 1.06948100000000e+06 1.06948100000000e+06 4.65748203891551e+16 2.32874101945776e+16 2.32874101945776e+16
1600 1.84918500001176e-13 2.13896200000000e+06 1.06948100000000e+06 1.06948100000000e+06 4.65748203891551e+16 2.32874101945776e+16 2.32874101945776e+16
1608 1.85843092501182e-13 2.13896200000000e+06 1.06948100000000e+06 1.06948100000000e+06 4.65748203891551e+16 2.32874101945776e+16 2.32874101945776e+16
1616 1.86767685001188e-13 2.13896200000000e+06 1.06948100000000e+06 1.06948100000000e+06 4.65748203891551e+16 2.32874101945776e+16 2.32874101945776e+16
1624 1.87692277501194e-13 2.13896200000000e+06 1.06948100000000e+06 1.06948100000000e+06 4.65748203891551e+16 2.32874101945776e+16 2.32874101945776e+16
1632 1.88616870001200e-13 2.13896200000000e+06 1.06948100000000e+06 1.06948100000000e+06 4.65748203891551e+16 2.32874101945776e+16 2.32874101945776e+16
1640 1.89541462501206e-13 2.13896200000000e+06 1.06948100000000e+06 1.06948100000000e+06 4.65748203891551e+16 2.32874101945776e+16 2.32874101945776e+16
1648 1.90466055001212e-13 2.13896200000000e+06 1.06948100000000e+06 1.06948100000000e+06 4.65748203891551e+16 2.32874101945776e+16 2.32874101945776e+16
1656 1.91390647501218e-13 2.13896200000000e+06 1.06948100000000e+06 1.06948100000000e+06 4.65748203891551e+16 2.32874101945776e+16 2.32874101945776e+16
1664 1.92315240001223e-13 2.13896200000000e+06 1.06948100000000e+06 1.06948100000000e+06 4.65748203891551e+16 2.32874101945776e+16 2.32874101945776e+16
1672 1.93239832501229e-13 2.13896200000000e+06 1.06948100000000e+06 1.06948100000000e+06 4.65748203891551e+16 2.32874101945776e+16 2.32874101945776e+16
1680 1.94164425001235e-13 2.13896200000000e+06 1.06948100000000e+06 1.06948100000000e+06 4.65748203891551e+16 2.32874101945776e+16 2.32874101945776e+16
1688 1.95089017501241e-13 2.13896200000000e+06 1.06948100000000e+06 1.06948100000000e+06 4.65748203891551e+16 2.32874101945776e+16 2.32874101945776e+16
1696 1.96013610001247e-13 2.13896200000000e+06 1.06948100000000e+06 1.06948100000000e+06 4.65748203891551e+16 2.32874101945776e+16 2.32874101945776e+16
1704 1.96938202501253e-13 2.13896200000000e+06 1.06948100000000e+06 1.06948100000000e+06 4.65748203891551e+16 2.32874101945776e+16 2.32874101945776e+16
1712 1.97862795001259e-13 2.13896200000000e+06 1.06948100000000e+06 1.06948100000000e+06 4.65748203891551e+16 2.32874101945776e+16 2.32874101945776e+16
1720 1.98787387501265e-13 2.13896200000000e+06 1.06948100000000e+06 1.06948100000000e+06 4.65748203891551e+16 2.32874101945776e+16 2.32874101945776e+16
1728 1.99711980001271e-13 2.13896200000000e+06 1.06948100000000e+06 1.06948100000000e+06 4.65748203891551e+16 2.32874101945776e+16 2.32874101945776e+16
1736 2.00636572501276e-13 2.13896200000000e+06 1.06948100000000e+06 1.06948100000000e+06 4.65748203891551e+16 2.32874101945776e+16 2.32874101945776e+16
1744 2.01561165001282e-13 2.13896200000000e+06 1.06948100000000e+06 1.06948100000000e+06 4.65748203891551e+16 2.32874101945776e+16 2.32874101945776e+16
1752 2.02485757501288e-13 2.13896200000000e+06 1.06948100000000e+06 1.06948100000000e+06 4.65748203891551e+16 2.32874101945776e+16 2.32874101945776e+16
1760 2.03410350001294e-13 2.13896200000000e+06 1.06948100000000e+06 1.06948100000000e+06 4.65748203891551e+16 2.32874101945776e+16 2.32874101945776e+16
1768 2.04334942501300e-13 2.13896200000000e+06 1.06948100000000e+06 1.06948100000000e+06 4.65748203891551e+16 2.32874101945776e+16 2.32874101945776e+16
1776 2.05259535001306e-13 2.13896200000000e+06 1.06948100000000e+06 1.06948100000000e+06 4.65748203891551e+16 2.32874101945776e+16 2.32874101945776e+16
1784 2.06184127501312e-13 2.13896200000000e+06 1.06948100000000e+06 1.06948100000000e+06 4.65748203891551e+16 2.32874101945776e+16 2.32874101945776e+16
1792 2.07108720001318e-13 2.13896200000000e+06 1.06948100000000e+06 1.06948100000000e+06 4.65748203891551e+16 2.32874101945776e+16 2.32874101945776e+16
1800 2.08033312501323e-13 2.13896200000000e+06 1.06948100000000e+06 1.06948100000000e+06 4.65748203891551e+16 2.32874101945776e+16 2.32874101945776e+16
1808 2.08957905001329e-13 2.13896200000000e+06 1.06948100000000e+06 1.06948100000000e+06 4.65748203891551e+16 2.32874101945776e+16 2.32874101945776e+16
1816 2.09882497501335e-13 2.13896200000000e+06 1.06948100000000e+06 1.06948100000000e+06 4.65748203891551e+16 2.32874101945776e+16 2.32874101945776e+16
1824 2.10807090001341e-13 2.13896200000000e+06 1.06948100000000e+06 1.06948100000000e+06 4.65748203891551e+16 2.32874101945776e+16 2.32874101945776e+16
1832 2.11731682501347e-13 2.13896200000000e+06 1.06948100000000e+06 1.06948100000000e+06 4.65748203891551e+16 2.32874101945776e+16 2.32874101945776e+16
1840 2.12656275001353e-13 2.13896200000000e+06 1.06948100000000e+06 1.06948100000000e+06 4.65748203891551e+16 2.32874101945776e+16 2.32874101945776e+16
1848 2.13580867501359e-13 2.13896200000000e+06 1.06948100000000e+06 1.06948100000000e+06 4.65748203891551e+16 2.32874101945776e+16 2.32874101945776e+16
1856 2.14505460001365e-13 2.13896200000000e+06 1.06948100000000e+06 1.06948100000000e+06 4.65748203891551e+16 2.32874101945776e+16 2.32874101945776e+16
1864 2.15430052501371e-13 2.13896200000000e+06 1.06948100000000e+06 1.06948100000000e+06 4.65748203891551e+16 2.32874101945776e+16 2.32874101945776e+16
1872 2.16354645001376e-13 2.13896200000000e+06 1.06948100000000e+06 1.06948100000000e+06 4.65748203891551e+16 2.32874101945776e+16 2.32874101945776e+16
1880 2.17279237501382e-13 2.13896200000000e+06 1.06948100000000e+06 1.06948100000000e+06 4.65748203891551e+16 2.32874101945776e+16 2.32874101945776e+16
1888 2.18203830001388e-13 2.13896200000000e+06 1.06948100000000e+06 1.06948100000000e+06 4.65748203891551e+16 2.32874101945776e+16 2.32874101945776e+16
1896 2.19128422501394e-13 2.13896200000000e+06 1.06948100000000e+06 1.06948100000000e+06 4.65748203891551e+16 2.32874101945776e+16 2.32874101945776e+16
1904 2.20053015001400e-13 2.13896200000000e+06 1.06948100000000e+06 1.06948100000000e+06 4.65748203891551e+16 2.32874101945776e+16 2.32874101945776e+16
1912 2.20977607501406e-13 2.13896200000000e+06 1.06948100000000e+06 1.06948100000000e+06 4.65748203891551e+16 2.32874101945776e+16 2.32874101945776e+16
1920 2.21902200001412e-13 2.13896200000000e+06 1.06948100000000e+06 1.06948100000000e+06 4.65748203891551e+16 2.32874101945776e+16 2.32874101945776e+16
1928 2.22826792501418e-13 2.13896200000000e+06 1.06948100000000e+06 1.06948100000000e+06 4.65748203891551e+16 2.32874101945776e+16 2.32874101945776e+16
1936 2.23751385001423e-13 2.13896200000000e+06 1.06948100000000e+06 1.06948100000000e+06 4.65748203891551e+16 2.32874101945776e+16 2.32874101945776e+16
1944 2.24675977501429e-13 2.13896200000000e+06 1.06948100000000e+06 1.06948100000000e+06 4.65748203891551e+16 2.32874101945776e+16 2.32874101945776e+16
1952 2.25600570001435e-13 2.13896200000000e+06 1.06948100000000e+06 1.06948100000000e+06 4.65748203891551e+16 2.32874101945776e+16 2.32874101945776e+16
1960 2.26525162501441e-13 2.13896200000000e+06 1.06948100000000e+06 1.06948100000000e+06 4.65748203891551e+16 2.32874101945776e+16 2.32874101945776e+16
1968 2.27449755001447e-13 2.13896200000000e+06 1.06948100000000e+06 1.06948100000000e+06 4.65748203891551e+16 2.32874101945776e+16 2.32874101945776e+16
1976 2.28374347501453e-13 2.13896200000000e+06 1.06948100000000e+06 1.06948100000000e+06 4.65748203891551e+16 2.32874101945776e+16 2.32874101945776e+16
1984 2.29298940001458e-13 2.13896200000000e+06 1.06948100000000e+06 1.06948100000000e+06 4.65748203891551e+16 2.32874101945776e+16 2.32874101945776e+16
1992 2.30223532501464e-13 2.13896200000000e+06 1.06948100000000e+06 1.06948100000000e+06 4.65748203891551e+16 2.32874101945776e+16 2.32874101945776e+16
2000 2.31148125001470e-13 2.13896200000000e+06 1.06948100000000e+06 1.06948100000000e+06 4.65748203891551e+16 2.32874101945776e+16 2.32874101945776e+16
2008 2.32072717501475e-13 2.13896200000000e+06 1.06948100000000e+06 1.06948100000000e+06 4.65748203891551e+16 2.32874101945776e+16 2.32874101945776e+16
2016 2.32997310001481e-13 2.13896200000000e+06 1.06948100000000e+06 1.06948100000000e+06 4.65748203891551e+16 2.32874101945776e+16 2.32874101945776e+16
2024 2.33921902501487e-13 2.13896200000000e+06 1.06948100000000e+06 1.06948100000000e+06 4.65748203891551e+16 2.32874101945776e+16 2.32874101945776e+16
2032 2.34846495001492e-13 2.13896200000000e+06 1.06948100000000e+06 1.06948100000000e+06 4.65748203891551e+16 2.32874101945776e+16 2.32874101945776e+16
2040 2.35771087501498e-13 2.13896200000000e+06 1.06948100000000e+06 1.06948100000000e+06 4.65748203891551e+16 2.32874101945776e+16 2.32874101945776e+16
2048 2.36695680001504e-13 2.13896200000000e+06 1.06948100000000e+06 1.06948100000000e+06 4.65748203891551e+16 2.32874101945776e+16 2.32874101945776e+16
2056 2.37620272501510e-13 2.13896200000000e+06 1.06948100000000e+06 1.06948100000000e+06 4.65748203891551e+16 2.32874101945776e+16 2.32874101945776e+16
2064 2.38544865001515e-13 2.13896200000000e+06 1.06948100000000e+06 1.06948100000000e+06 4.65748203891551e+16 2.32874101945776e+16 2.32874101945776e+16
2072 2.39469457501521e-13 2.13896200000000e+06 1.06948100000000e+06 1.06948100000000e+06 4.65748203891551e+16 2.32874101945776e+16 2.32874101945776e+16
2080 2.40394050001527e-13 2.13896200000000e+06 1.06948100000000e+06 1.06948100000000e+06 4.65748203891551e+16 2.32874101945776e+16 2.32874101945776e+16
2088 2.41318642501532e-13 2.13896200000000e+06 1.06948100000000e+06 1.06948100000000e+06 4.65748203891551e+16 2.32874101945776e+16 2.32874101945776e+16
2096 2.42243235001538e-13 2.13896200000000e+06 1.06948100000000e+06 1.06948100000000e+06 4.65748203891551e+16 2.32874101945776e+16 2.32874101945776e+16
2104 2.43167827501544e-13 2.13896200000000e+06 1.06948100000000e+06 1.06948100000000e+06 4.65748203891551e+16 2.32874101945776e+16 2.32874101945776e+16
2112 2.44092420001549e-13 2.13896200000000e+06 1.06948100000000e+06 1.06948100000000e+06 4.65748203891551e+16 2.32874101945776e+16 2.32874101945776e+16
2120 2.45017012501555e-13 2.13896200000000e+06 1.06948100000000e+06 1.06948100000000e+06 4.65748203891551e+16 2.32874101945776e+16 2.32874101945776e+16
2128 2.45941605001561e-13 2.13896200000000e+06 1.06948100000000e+06 1.06948100000000e+06 4.65748203891551e+16 2.32874101945776e+16 2.32874101945776e+16
2136 2.46866197501566e-13 2.13896200000000e+06 1.06948100000000e+06 1.06948100000000e+06 4.65748203891551e+16 2.32874101945776e+16 2.32874101945776e+16
2144 2.47790790001572e-13 2.13896200000000e+06 1.06948100000000e+06 1.06948100000000e+06 4.65748203891551e+16 2.32874101945776e+16 2.32874101945776e+16
2152 2.48715382501578e-13 2.13896200000000e+06 1.06948100000000e+06 1.06948100000000e+06 4.65748203891551e+16 2.32874101945776e+16 2.32874101945776e+16
2160 2.49639975001583e-13 2.13896200000000e+06 1.06948100000000e+06 1.06948100000000e+06 4.65748203891551e+16 2.32874101945776e+16 2.32874101945776e+16
2168 2.50564567501589e-13 2.13896200000000e+06 1.06948100000000e+06 1.06948100000000e+06 4.65748203891551e+16 2.32874101945776e+16 2.32874101945776e+16
2176 2.51489160001595e-13 2.13896200000000e+06 1.06948100000000e+06 1.06948100000000e+06 4.65748203891551e+16 2.32874101945776e+16 2.32874101945776e+16
2184 2.52413752501600e-13 2.13896200000000e+06 1.06948100000000e+06 1.06948100000000e+06 4.65748203891551e+16 2.32874101945776e+16 2.32874101945776e+16
2192 2.53338345001606e-13 2.13896200000000e+06 1.06948100000000e+06 1.06948100000000e+06 4.65748203891551e+16 2.32874101945776e+16 2.32874101945776e+16
2200 2.54262937501612e-13 2.13896200000000e+06 1.06948100000000e+06 1.06948100000000e+06 4.65748203891551e+16 2.32874101945776e+16 2.32874101945776e+16
2208 2.55187530001617e-13 2.13896200000000e+06 1.06948100000000e+06 1.06948100000000e+06 4.65748203891551e+16 2.32874101945776e+16 2.32874101945776e+16
2216 2.56112122501623e-13 2.13896200000000e+06 1.06948100000000e+06 1.06948100000000e+06 4.65748203891551e+16 2.32874101945776e+16 2.32874101945776e+16
2224 2.57036715001629e-13 2.13896200000000e+06 1.06948100000000e+06 1.06948100000000e+06 4.65748203891551e+16 2.32874101945776e+16 2.32874101945776e+16
2232 2.57961307501634e-13 2.13896200000000e+06 1.06948100000000e+06 1.06948100000000e+06 4.65748203891551e+16 2.32874101945776e+16 2.32874101945776e+16
2240 2.58885900001640e-13 2.13896200000000e+06 1.06948100000000e+06 1.06948100000000e+06 4.65748203891551e+16 2.32874101945776e+16 2.32874101945776e+16
2248 2.59810492501646e-13 2.13896200000000e+06 1.06948100000000e+06 1.06948100000000e+06 4.65748203891551e+16 2.32874101945776e+16 2.32874101945776e+16
2256 2.60735085001652e-13 2.13896200000000e+06 1.06948100000000e+06 1.06948100000000e+06 4.65748203891551e+16 2.32874101945776e+16 2.32874101945776e+16
2264 2.61659677501657e-13 2.13896200000000e+06 1.06948100000000e+06 1.06948100000000e+06 4.65748203891551e+16 2.32874101945776e+16 2.32874101945776e+16
2272 2.62584270001663e-13 2.13896200000000e+06 1.06948100000000e+06 1.06948100000000e+06 4.65748203891551e+16 2.32874101945776e+16 2.32874101945776e+16
2280 2.63508862501669e-13 2.13896200000000e+06 1.06948100000000e+06 1.06948100000000e+06 4.65748203891551e+16 2.32874101945776e+16 2.32874101945776e+16
2288 2.64433455001674e-13 2.13896200000000e+06 1.06948100000000e+06 1.06948100000000e+06 4.65748203891551e+16 2.32874101945776e+16 2.32874101945776e+16
2296 2.65358047501680e-13 2.13896200000000e+06 1.06948100000000e+06 1.06948100000000e+06 4.65748203891551e+16 2.32874101945776e+16 2.32874101945776e+16
2304 2.66282640001686e-13 2.13896200000000e+06 1.06948100000000e+06 1.06948100000000e+06 4.65748203891551e+16 2.32874101945776e+16 2.32874101945776e+16
2312 2.67207232501691e-13 2.13896200000000e+06 1.06948100000000e+06 1.06948100000000e+06 4.65748203891551e+16 2.32874101945776e+16 2.32874101945776e+16
2320 2.68131825001697e-13 2.13896200000000e+06 1.06948100000000e+06 1.06948100000000e+06 4.65748203891551e+16 2.32874101945776e+16 2.32874101945776e+16
2328 2.69056417501703e-13 2.13896200000000e+06 1.06948100000000e+06 1.06948100000000e+06 4.65748203891551e+16 2.32874101945776e+16 2.32874101945776e+16
2336 2.69981010001708e-13 2.13896200000000e+06 1.06948100000000e+06 1.06948100000000e+06 4.65748203891551e+16 2.32874101945776e+16 2.32874101945776e+16
2344 2.70905602501714e-13 2.13896200000000e+06 1.06948100000000e+06 1.06948100000000e+06 4.65748203891551e+16 2.32874101945776e+16 2.32874101945776e+16
2352 2.71830195001720e-13 2.13896200000000e+06 1.06948100000000e+06 1.06948100000000e+06 4.65748203891551e+16 2.32874101945776e+16 2.32874101945776e+16
2360 2.72754787501725e-13 2.13896200000000e+06 1.06948100000000e+06 1.06948100000000e+06 4.65748203891551e+16 2.32874101945776e+16 2.32874101945776e+16
2368 2.73679380001731e-13 2.13896200000000e+06 1.06948100000000e+06 1.06948100000000e+06 4.65748203891551e+16 2.32874101945776e+16 2.32874101945776e+16
2376 2.74603972501737e-13 2.13896200000000e+06 1.06948100000000e+06 1.06948100000000e+06 4.65748203891551e+16 2.32874101945776e+16 2.32874101945776e+16
2384 2.75528565001742e-13 2.13896200000000e+06 1.06948100000000e+06 1.06948100000000e+06 4.65748203891551e+16 2.32874101945776e+16 2.32874101945776e+16
2392 2.76453157501748e-13 2.13896200000000e+06 1.06948100000000e+06 1.06948100000000e+06 4.65748203891551e+16 2.32874101945776e+16 2.32874101945776e+16
2400 2.77377750001754e-13 2.13896200000000e+06 1.06948100000000e+06 1.06948100000000e+06 4.65748203891551e+16 2.32874101945776e+16 2.32874101945776e+16
2408 2.78302342501759e-13 2.13896200000000e+06 1.06948100000000e+06 1.06948100000000e+06 4.65748203891551e+16 2.32874101945776e+16 2.32874101945776e+16
2416 2.79226935001765e-13 2.13896200000000e+06 1.06948100000000e+06 1.06948100000000e+06 4.65748203891551e+16 2.32874101945776e+16 2.32874101945776e+16
2424 2.80151527501771e-13 2.13896200000000e+06 1.06948100000000e+06 1.06948100000000e+06 4.65748203891551e+16 2.32874101945776e+16 2.32874101945776e+16
2432 2.81076120001776e-13 2.13896200000000e+06 1.06948100000000e+06 1.06948100000000e+06 4.65748203891551e+16 2.32874101945776e+16 2.32874101945776e+16
2440 2.82000712501782e-13 2.13896200000000e+06 1.06948100000000e+06 1.06948100000000e+06 4.65748203891551e+16 2.32874101945776e+16 2.32874101945776e+16
2448 2.82925305001788e-13 2.13896200000000e+06 1.06948100000000e+06 1.06948100000000e+06 4.65748203891551e+16 2.32874101945776e+16 2.32874101945776e+16
2456 2.83849897501794e-13 2.13896200000000e+06 1.06948100000000e+06 1.06948100000000e+06 4.65748203891551e+16 2.32874101945776e+16 2.32874101945776e+16
2464 2.84774490001799e-13 2.13896200000000e+06 1.06948100000000e+06 1.06948100000000e+06 4.65748203891551e+16 2.32874101945776e+16 2.32874101945776e+16
2472 2.85699082501805e-13 2.13896200000000e+06 1.06948100000000e+06 1.06948100000000e+06 4.65748203891551e+16 2.32874101945776e+16 2.32874101945776e+16
2480 2.86623675001811e-13 2.13896200000000e+06 1.06948100000000e+06 1.06948100000000e+06 4.65748203891551e+16 2.32874101945776e+16 2.32874101945776e+16
2488 2.87548267501816e-13 2.13896200000000e+06 1.06948100000000e+06 1.06948100000000e+06 4.65748203891551e+16 2.32874101945776e+16 2.32874101945776e+16
2496 2.88472860001822e-13 2.13896200000000e+06 1.06948100000000e+06 1.06948100000000e+06 4.65748203891551e+16 2.32874101945776e+16 2.32874101945776e+16
2504 2.89397452501828e-13 2.13896200000000e+06 1.06948100000000e+06 1.06948100000000e+06 4.65748203891551e+16 2.32874101945776e+16 2.32874101945776e+16
2512 2.90322045001833e-13 2.13896200000000e+06 1.06948100000000e+06 1.06948100000000e+06 4.65748203891551e+16 2.32874101945776e+16 2.32874101945776e+16
2520 2.91246637501839e-13 2.13896200000000e+06 1.06948100000000e+06 1.06948100000000e+06 4.65748203891551e+16 2.32874101945776e+16 2.32874101945776e+16
2528 2.92171230001845e-13 2.13896200000000e+06 1.06948100000000e+06 1.06948100000000e+06 4.65748203891551e+16 2.32874101945776e+16 2.32874101945776e+16
2536 2.93095822501850e-13 2.13896200000000e+06 1.06948100000000e+06 1.06948100000000e+06 4.65748203891551e+16 2.32874101945776e+16 2.32874101945776e+16
2544 2.94020415001856e-13 2.13896200000000e+06 1.06948100000000e+06 1.06948100000000e+06 4.65748203891551e+16 2.32874101945776e+16 2.32874101945776e+16
2552 2.94945007501862e-13 2.13896200000000e+06 1.06948100000000e+06 1.06948100000000e+06 4.65748203891551e+16 2.32874101945776e+16 2.32874101945776e+16
2560 2.95869600001867e-13 2.13896200000000e+06 1.06948100000000e+06 1.06948100000000e+06 4.65748203891551e+16 2.32874101945776e+16 2.32874101945776e+16
2568 2.96794192501873e-13 2.13896200000000e+06 1.06948100000000e+06 1.06948100000000e+06 4.65748203891551e+16 2.32874101945776e+16 2.32874101945776e+16
2576 2.97718785001879e-13 2.13896200000000e+06 1.06948100000000e+06 1.06948100000000e+06 4.65748203891551e+16 2.32874101945776e+16 2.32874101945776e+16
2584 2.98643377501884e-13 2.13896200000000e+06 1.06948100000000e+06 1.06948100000000e+06 4.65748203891551e+16 2.32874101945776e+16 2.32874101945776e+16
2592 2.99567970001890e-13 2.13896200000000e+06 1.06948100000000e+06 1.06948100000000e+06 4.65748203891551e+16 2.32874101945776e+16 2.32874101945776e+16
2600 3.00492562501896e-13 2.13896200000000e+06 1.06948100000000e+06 1.06948100000000e+06 4.65748203891551e+16 2.32874101945776e+16 2.32874101945776e+16
2608 3.01417155001901e-13 2.13896200000000e+06 1.06948100000000e+06 1.06948100000000e+06 4.65748203891551e+16 2.32874101945776e+16 2.32874101945776e+16
2616 3.02341747501907e-13 2.13896200000000e+06 1.06948100000000e+06 1.06948100000000e+06 4.65748203891551e+16 2.32874101945776e+16 2.32874101945776e+16
2624 3.03266340001913e-13 2.13896200000000e+06 1.06948100000000e+06 1.06948100000000e+06 4.65748203891551e+16 2.32874101945776e+16 2.32874101945776e+16
2632 3.04190932501918e-13 2.13896200000000e+06 1.06948100000000e+06 1.06948100000000e+06 4.65748203891551e+16 2.32874101945776e+16 2.32874101945776e+16
2640 3.05115525001924e-13 2.13896200000000e+06 1.06948100000000e+06 1.06948100000000e+06 4.65748203891551e+16 2.32874101945776e+16 2.32874101945776e+16
2648 3.06040117501930e-13 2.13896200000000e+06 1.06948100000000e+06 1.06948100000000e+06 4.65748203891551e+16 2.32874101945776e+16 2.32874101945776e+16
2656 3.06964710001936e-13 2.13896200000000e+06 1.06948100000000e+06 1.06948100000000e+06 4.65748203891551e+16 2.32874101945776e+16 2.32874101945776e+16
2664 3.07889302501941e-13 2.13896200000000e+06 1.06948100000000e+06 1.06948100000000e+06 4.65748203891551e+16 2.32874101945776e+16 2.32874101945776e+16
2672 3.08813895001947e-13 2.13896200000000e+06 1.06948100000000e+06 1.06948100000000e+06 4.65748203891551e+16 2.32874101945776e+16 2.32874101945776e+16
2680 3.09738487501953e-13 2.13896200000000e+06 1.06948100000000e+06 1.06948100000000e+06 4.65748203891551e+16 2.32874101945776e+16 2.32874101945776e+16
2688 3.10663080001958e-13 2.13896200000000e+06 1.06948100000000e+06 1.06948100000000e+06 4.65748203891551e+16 2.32874101945776e+16 2.32874101945776e+16
2696 3.11587672501964e-13 2.13896200000000e+06 1.06948100000000e+06 1.06948100000000e+06 4.65748203891551e+16 2.32874101945776e+16 2.32874101945776e+16
2704 3.12512265001970e-13 2.13896200000000e+06 1.06948100000000e+06 1.06948100000000e+06 4.65748203891551e+16 2.32874101945776e+16 2.32874101945776e+16
2712 3.13436857501975e-13 2.13896200000000e+06 1.06948100000000e+06 1.06948100000000e+06 4.65748203891551e+16 2.32874101945776e+16 2.32874101945776e+16
2720 3.14361450001981e-13 2.13896200000000e+06 1.06948100000000e+06 1.06948100000000e+06 4.65748203891551e+16 2.32874101945776e+16 2.32874101945776e+16
2728 3.15286042501987e-13 2.13896200000000e+06 1.06948100000000e+06 1.06948100000000e+06 4.65748203891551e+16 2.32874101945776e+16 2.32874101945776e+16
2736 3.16210635001992e-13 2.13896200000000e+06 1.06948100000000e+06 1.06948100000000e+06 4.65748203891551e+16 2.32874101945776e+16 2.32874101945776e+16
2744 3.17135227501998e-13 2.13896200000000e+06 1.06948100000000e+06 1.06948100000000e+06 4.65748203891551e+16 2.32874101945776e+16 2.32874101945776e+16
2752 3.18059820002004e-13 2.13896200000000e+06 1.06948100000000e+06 1.06948100000000e+06 4.65748203891551e+16 2.32874101945776e+16 2.32874101945776e+16
2760 3.18984412502009e-13 2.13896200000000e+06 1.06948100000000e+06 1.06948100000000e+06 4.65748203891551e+16 2.32874101945776e+16 2.32874101945776e+16
2768 3.19909005002015e-13 2.13896200000000e+06 1.06948100000000e+06 1.06948100000000e+06 4.65748203891551e+16 2.32874101945776e+16 2.32874101945776e+16
2776 3.20833597502021e-13 2.13896200000000e+06 1.06948100000000e+06 1.06948100000000e+06 4.65748203891551e+16 2.32874101945776e+16 2.32874101945776e+16
2784 3.21758190002026e-13 2.13896200000000e+06 1.06948100000000e+06 1.06948100000000e+06 4.65748203891551e+16 2.32874101945776e+16 2.32874101945776e+16
2792 3.22682782502032e-13 2.13896200000000e+06 1.06948100000000e+06 1.06948100000000e+06 4.65748203891551e+16 2.32874101945776e+16 2.32874101945776e+16
2800 3.23607375002038e-13 2.13896200000000e+06 1.06948100000000e+06 1.06948100000000e+06 4.65748203891551e+16 2.32874101945776e+16 2.32874101945776e+16
2808 3.24531967502043e-13 2.13896200000000e+06 1.06948100000000e+06 1.06948100000000e+06 4.65748203891551e+16 2.32874101945776e+16 2.32874101945776e+16
2816 3.25456560002049e-13 2.13896200000000e+06 1.06948100000000e+06 1.06948100000000e+06 4.65748203891551e+16 2.32874101945776e+16 2.32874101945776e+16
2824 3.26381152502055e-13 2.13896200000000e+06 1.06948100000000e+06 1.06948100000000e+06 4.65748203891551e+16 2.32874101945776e+16 2.32874101945776e+16
2832 3.27305745002061e-13 2.13896200000000e+06 1.06948100000000e+06 1.06948100000000e+06 4.65748203891551e+16 2.32874101945776e+16 2.32874101945776e+16
2840 3.28230337502066e-13 2.13896200000000e+06 1.06948100000000e+06 1.06948100000000e+06 4.65748203891551e+16 2.32874101945776e+16 2.32874101945776e+16
2848 3.29154930002072e-13 2.13896200000000e+06 1.06948100000000e+06 1.06948100000000e+06 4.65748203891551e+16 2.32874101945776e+16 2.32874101945776e+16
2856 3.30079522502078e-13 2.13896200000000e+06 1.06948100000000e+06 1.06948100000000e+06 4.65748203891551e+16 2.32874101945776e+16 2.32874101945776e+16
2864 3.31004115002083e-13 2.13896200000000e+06 1.06948100000000e+06 1.06948100000000e+06 4.65748203891551e+16 2.32874101945776e+16 2.32874101945776e+16
2872 3.31928707502089e-13 2.13896200000000e+06 1.06948100000000e+06 1.06948100000000e+06 4.65748203891551e+16 2.32874101945776e+16 2.32874101945776e+16
2880 3.32853300002095e-13 2.13896200000000e+06 1.06948100000000e+06 1.06948100000000e+06 4.65748203891551e+16 2.32874101945776e+16 2.32874101945776e+16
2888 3.33777892502100e-13 2.13896200000000e+06 1.06948100000000e+06 1.06948100000000e+06 4.65748203891551e+16 2.32874101945776e+16 2.32874101945776e+16
2896 3.34702485002106e-13 2.13896200000000e+06 1.06948100000000e+06 1.06948100000000e+06 4.65748203891551e+16 2.32874101945776e+16 2.32874101945776e+16
2904 3.35627077502112e-13 2.13896200000000e+06 1.06948100000000e+06 1.06948100000000e+06 4.65748203891551e+16 2.32874101945776e+16 2.32874101945776e+16
2912 3.36551670002117e-13 2.13896200000000e+06 1.06948100000000e+06 1.06948100000000e+06 4.65748203891551e+16 2.32874101945776e+16 2.32874101945776e+16
2920 3.37476262502123e-13 2.13896200000000e+06 1.06948100000000e+06 1.06948100000000e+06 4.65748203891551e+16 2.32874101945776e+16 2.32874101945776e+16
2928 3.38400855002129e-13 2.13896200000000e+06 1.06948100000000e+06 1.06948100000000e+06 4.65748203891551e+16 2.32874101945776e+16 2.32874101945776e+16
2936 3.39325447502134e-13 2.13896200000000e+06 1.06948100000000e+06 1.06948100000000e+06 4.65748203891551e+16 2.32874101945776e+16 2.32874101945776e+16
2944 3.40250040002140e-13 2.13896200000000e+06 1.06948100000000e+06 1.06948100000000e+06 4.65748203891551e+16 2.32874101945776e+16 2.32874101945776e+16
2952 3.41174632502146e-13 2.13896200000000e+06 1.06948100000000e+06 1.06948100000000e+06 4.65748203891551e+16 2.32874101945776e+16 2.32874101945776e+16
2960 3.42099225002151e-13 2.13896200000000e+06 1.06948100000000e+06 1.06948100000000e+06 4.65748203891551e+16 2.32874101945776e+16 2.32874101945776e+16
2968 3.43023817502157e-13 2.13896200000000e+06 1.06948100000000e+06 1.06948100000000e+06 4.65748203891551e+16 2.32874101945776e+16 2.32874101945776e+16
2976 3.43948410002163e-13 2.13896200000000e+06 1.06948100000000e+06 1.06948100000000e+06 4.65748203891551e+16 2.32874101945776e+16 2.32874101945776e+16
2984 3.44873002502168e-13 2.13896200000000e+06 1.06948100000000e+06 1.06948100000000e+06 4.65748203891551e+16 2.32874101945776e+16 2.32874101945776e+16
2992 3.45797595002174e-13 2.13896200000000e+06 1.06948100000000e+06 1.06948100000000e+06 4.65748203891551e+16 2.32874101945776e+16 2.32874101945776e+16
3000 3.46722187502180e-13 2.13896200000000e+06 1.06948100000000e+06 1.06948100000000e+06 4.65748203891551e+16 2.32874101945776e+16 2.32874101945776e+16
3008 3.47646780002185e-13 2.13896200000000e+06 1.06948100000000e+06 1.06948100000000e+06 4.65748203891551e+16 2.32874101945776e+16 2.32874101945776e+16
3016 3.48571372502191e-13 2.13896200000000e+06 1.06948100000000e+06 1.06948100000000e+06 4.65748203891551e+16 2.32874101945776e+16 2.32874101945776e+16
3024 3.49495965002197e-13 2.13896200000000e+06 1.06948100000000e+06 1.06948100000000e+06 4.65748203891551e+16 2.32874101945776e+16 2.32874101945776e+16
