#[0]step() [1]time(s) [2]max_rho_lev0 (C/m^3) [3]min_rho_lev0 (C/m^3) [4]max_ele_|rho|_lev0 (C/m^3) [5]max_ion_|rho|_lev0 (C/m^3)
0 0.00000000000000e+00 1.52358434733365e+06 -1.57064261040701e+06 3.94878113318877e+06 3.92473982895330e+06
8 9.24592500005876e-16 2.56484344343594e+06 -2.56484345249861e+06 3.91672864094807e+06 3.92473987945854e+06
16 1.84918500001175e-15 1.57337570752755e+06 -1.63903486070225e+06 3.91089982171303e+06 3.92474022962525e+06
24 2.77377750001763e-15 1.50183648188612e+06 -1.67643453976879e+06 3.91461678636219e+06 3.92474117312999e+06
32 3.69837000002350e-15 3.61629080512255e+06 -3.61629080009788e+06 3.93369372879043e+06 3.92474298133916e+06
40 4.62296250002938e-15 2.52687309898794e+06 -2.52687311480525e+06 3.96196669406242e+06 3.92474590680808e+06
48 5.54755500003526e-15 1.50802509770166e+06 -1.75197910116939e+06 4.01232976286020e+06 3.92475016645398e+06
56 6.47214750004113e-15 5.00708830846539e+06 -5.00708833402768e+06 4.04764861674250e+06 3.92475594763905e+06
64 7.39674000004701e-15 4.24054198048756e+06 -4.24054198825020e+06 4.06684967888620e+06 3.92476338600328e+06
72 8.32133250005289e-15 3.16450644371390e+06 -3.16450644773307e+06 4.06938961424895e+06 3.92477255970860e+06
80 9.24592500005877e-15 6.63689175319135e+06 -6.63689174471980e+06 4.05525993970163e+06 3.92478350962886e+06
88 1.01705175000647e-14 7.03678175128594e+06 -7.03678176958400e+06 4.02496939788230e+06 3.92479623447068e+06
96 1.10951100000705e-14 5.98588766743279e+06 -5.98588770278564e+06 3.97961371650048e+06 3.92481067385282e+06
104 1.20197025000764e-14 8.23384896678063e+06 -8.23384895480412e+06 3.94110735996731e+06 3.92482673622726e+06
112 1.29442950000823e-14 1.11112045828977e+07 -1.11112045737295e+07 3.91903097877744e+06 3.92484429941245e+06
120 1.38688875000882e-14 1.04976427369578e+07 -1.04976427367944e+07 3.91665782164504e+06 3.92486319114280e+06
128 1.47934800000941e-14 9.29410633739889e+06 -9.29410633464426e+06 3.92275338133965e+06 3.92488321643611e+06
136 1.57180725001000e-14 1.64188870886418e+07 -1.64188871038932e+07 3.96456894471501e+06 3.92490416429789e+06
144 1.66426650001058e-14 1.73353890932094e+07 -1.73353891191584e+07 4.01571053408423e+06 3.92492579381707e+06
152 1.75672575001117e-14 1.13307942866367e+07 -1.13307943154942e+07 4.06357710556674e+06 3.92494785238532e+06
160 1.84918500001176e-14 2.25431443819438e+07 -2.25431443905275e+07 4.10612932391538e+06 3.92497006760231e+06
168 1.94164425001235e-14 2.70640320546057e+07 -2.70640320411619e+07 4.14144455451965e+06 3.92499216676658e+06
176 2.03410350001294e-14 1.85997070304805e+07 -1.85997070185052e+07 4.16784432930421e+06 3.92501389679544e+06
184 2.12656275001352e-14 2.85759768833745e+07 -2.85759768703864e+07 4.18395469483456e+06 3.92503501436445e+06
192 2.21902200001411e-14 3.99216084300334e+07 -3.99216084308555e+07 4.18877965426662e+06 3.92505527896530e+06
200 2.31148125001470e-14 2.96901844355183e+07 -2.96901844352322e+07 4.18183463108422e+06 3.92507448300564e+06
208 2.40394050001529e-14 3.30589762878382e+07 -3.30589762568762e+07 4.16311746119775e+06 3.92509246381025e+06
216 2.49639975001588e-14 5.54896345409653e+07 -5.54896345713699e+07 4.13312461629545e+06 3.92510909245140e+06
224 2.58885900001647e-14 4.57731591424935e+07 -4.57731591865002e+07 4.12710554291906e+06 3.92512426928142e+06
232 2.68131825001705e-14 3.41241488005509e+07 -3.41241488078424e+07 4.14000344087202e+06 3.92513795492226e+06
240 2.77377750001764e-14 7.24158723595481e+07 -7.24158723637982e+07 4.14482493904849e+06 3.92515014829181e+06
248 2.86623675001823e-14 6.76604770885715e+07 -6.76604770744586e+07 4.14150361322396e+06 3.92516090584911e+06
256 2.95869600001882e-14 4.22944051921167e+07 -4.22944052083968e+07 4.13016070517299e+06 3.92517033356533e+06
264 3.05115525001941e-14 8.83113472115797e+07 -8.83113472149292e+07 4.11123986793942e+06 3.92517857517864e+06
272 3.14361450002000e-14 9.52911599298776e+07 -9.52911599577229e+07 4.08549929142463e+06 3.92518583020058e+06
280 3.23607375002058e-14 6.42129571186127e+07 -6.42129571429360e+07 4.05381474985284e+06 3.92519232379834e+06
288 3.32853300002117e-14 9.98848504312490e+07 -9.98848504306917e+07 4.01709343927277e+06 3.92519832095520e+06
296 3.42099225002176e-14 1.27082509885413e+08 -1.27082509907350e+08 3.97629913081413e+06 3.92520409591055e+06
304 3.51345150002235e-14 9.37665573181233e+07 -9.37665573047209e+07 3.95219111131080e+06 3.92520991769496e+06
312 3.60591075002294e-14 1.03448634933380e+08 -1.03448634939836e+08 3.96753392226296e+06 3.92521605919590e+06
320 3.69837000002352e-14 1.59707760929011e+08 -1.59707760996377e+08 3.98902846482710e+06 3.92522279729784e+06
328 3.79082925002411e-14 1.31260754635178e+08 -1.31260754641242e+08 4.00843126829392e+06 3.92523040872098e+06
336 3.88328850002470e-14 9.58181660012189e+07 -9.58181660860110e+07 4.01182051514019e+06 3.92523913044493e+06
344 3.97574775002529e-14 1.88269621128156e+08 -1.88269621164176e+08 3.99929776699495e+06 3.92524916434358e+06
352 4.06820700002588e-14 1.75434878290267e+08 -1.75434878286742e+08 3.98145771863890e+06 3.92526068904677e+06
360 4.16066625002647e-14 1.06767648006922e+08 -1.06767648038879e+08 3.97435958958299e+06 3.92527382775353e+06
368 4.25312550002705e-14 2.07111175906298e+08 -2.07111175895362e+08 3.97596975485806e+06 3.92528866880139e+06
376 4.34558475002764e-14 2.22853561906068e+08 -2.22853561907027e+08 4.01278541300344e+06 3.92530525847002e+06
384 4.43804400002823e-14 1.45187778636136e+08 -1.45187778670797e+08 4.04225203605670e+06 3.92532358650323e+06
392 4.53050325002882e-14 2.11015646427633e+08 -2.11015646441958e+08 4.06371417029046e+06 3.92534359376631e+06
400 4.62296250002941e-14 2.67732241322310e+08 -2.67732241298329e+08 4.07673010401523e+06 3.92536516969105e+06
408 4.71542175003000e-14 1.90319051544579e+08 -1.90319051510397e+08 4.08101304531764e+06 3.92538818267424e+06
416 4.80788100003058e-14 1.96503214122251e+08 -1.96503214118211e+08 4.07642040177744e+06 3.92541246059318e+06
424 4.90034025003117e-14 3.02933751865005e+08 -3.02933751940582e+08 4.12758813569057e+06 3.92543780497583e+06
432 4.99279950003176e-14 2.39540006489349e+08 -2.39540006459705e+08 4.17322919303900e+06 3.92546399233936e+06
440 5.08525875003235e-14 1.63172095622484e+08 -1.63172095539093e+08 4.21052030612343e+06 3.92549079732219e+06
448 5.17771800003294e-14 3.21487078874937e+08 -3.21487078876166e+08 4.23855063482820e+06 3.92551798872377e+06
456 5.27017725003352e-14 2.88117678001544e+08 -2.88117677955264e+08 4.25675090947090e+06 3.92554532794287e+06
464 5.36263650003411e-14 1.69643780719275e+08 -1.69643780707876e+08 4.26486860795686e+06 3.92557257346768e+06
472 5.45509575003470e-14 3.18422517832182e+08 -3.18422517780216e+08 4.26295657398086e+06 3.92559948587612e+06
480 5.54755500003529e-14 3.29541412593304e+08 -3.29541412599648e+08 4.25135384855039e+06 3.92562582624769e+06
488 5.64001425003588e-14 2.08684055571206e+08 -2.08684055733431e+08 4.23066389310966e+06 3.92565136658228e+06
496 5.73247350003647e-14 2.92048914618994e+08 -2.92048914603726e+08 4.20172158950722e+06 3.92567587834631e+06
504 5.82493275003705e-14 3.56539039655362e+08 -3.56539039622184e+08 4.16553185432114e+06 3.92569914774512e+06
512 5.91739200003764e-14 2.47204371161195e+08 -2.47204371123631e+08 4.12321501730833e+06 3.92572096257813e+06
520 6.00985125003823e-14 2.44790034365109e+08 -2.44790034364155e+08 4.11089116401859e+06 3.92574112341752e+06
528 6.10231050003882e-14 3.63272449039503e+08 -3.63272449112541e+08 4.12604115398262e+06 3.92575942493069e+06
536 6.19476975003941e-14 2.81001903892743e+08 -2.81001903781308e+08 4.13063139168627e+06 3.92577568224837e+06
544 6.28722900004000e-14 1.82924842969678e+08 -1.82924842855260e+08 4.12468951459242e+06 3.92578973898434e+06
552 6.37968825004058e-14 3.47076282844396e+08 -3.47076282872971e+08 4.10865686638734e+06 3.92580144500621e+06
560 6.47214750004117e-14 3.05055040379590e+08 -3.05055040393345e+08 4.08322034956440e+06 3.92581067994824e+06
568 6.56460675004176e-14 1.74366606504560e+08 -1.74366606454623e+08 4.04930511603709e+06 3.92581735721313e+06
576 6.65706600004235e-14 3.09305081348966e+08 -3.09305081271227e+08 4.00803014270848e+06 3.92582141427543e+06
584 6.74952525004294e-14 3.14674569641944e+08 -3.14674569710583e+08 4.02399497733965e+06 3.92582282447632e+06
592 6.84198450004352e-14 1.93048381677407e+08 -1.93048381852757e+08 4.03582172715567e+06 3.92582161363158e+06
600 6.93444375004411e-14 2.55016400578056e+08 -2.55016400567580e+08 4.03831698736439e+06 3.92581784459082e+06
608 7.02690300004470e-14 3.06956197007710e+08 -3.06956197056643e+08 4.03112784963986e+06 3.92581164062982e+06
616 7.11936225004529e-14 2.05793048249663e+08 -2.05793048242280e+08 4.01434377342391e+06 3.92580316962222e+06
624 7.21182150004588e-14 1.91824648468411e+08 -1.91824648498320e+08 3.98850431785410e+06 3.92579264534670e+06
632 7.30428075004647e-14 2.81963640951760e+08 -2.81963640888861e+08 3.98125376831867e+06 3.92578033085185e+06
640 7.39674000004705e-14 2.10521857433702e+08 -2.10521857337414e+08 3.97410888494177e+06 3.92576654291448e+06
648 7.48919925004764e-14 1.28198555812043e+08 -1.28198555716425e+08 3.96229670170049e+06 3.92575162223366e+06
656 7.58165850004823e-14 2.42888431501747e+08 -2.42888431509401e+08 3.97469814142624e+06 3.92573593767979e+06
664 7.67411775004882e-14 2.05631083010031e+08 -2.05631083031702e+08 3.97785838748845e+06 3.92571989004115e+06
672 7.76657700004941e-14 1.13769684541558e+08 -1.13769684480175e+08 3.97147340924841e+06 3.92570389609035e+06
680 7.85903625005000e-14 1.95187316922185e+08 -1.95187316859646e+08 3.96929051102733e+06 3.92568836234545e+06
688 7.95149550005058e-14 1.90815349543572e+08 -1.90815349624137e+08 3.97090065384941e+06 3.92567368801908e+06
696 8.04395475005117e-14 1.13823750104366e+08 -1.13823750094979e+08 3.99860250722497e+06 3.92566024590311e+06
704 8.13641400005176e-14 1.45198204499060e+08 -1.45198204513966e+08 4.01658719922739e+06 3.92564836021357e+06
712 8.22887325005235e-14 1.67384417832917e+08 -1.67384417866690e+08 4.02493610207408e+06 3.92563831070189e+06
720 8.32133250005294e-14 1.09726799599054e+08 -1.09726799663140e+08 4.02397106372706e+06 3.92563030670777e+06
728 8.41379175005352e-14 9.86476227359273e+07 -9.86476228381632e+07 4.01419421572622e+06 3.92562449872569e+06
736 8.50625100005411e-14 1.38180884567230e+08 -1.38180884507928e+08 3.99627265002115e+06 3.92562095789739e+06
744 8.59871025005470e-14 1.01503174840722e+08 -1.01503174782553e+08 3.97100990612167e+06 3.92561966934340e+06
752 8.69116950005529e-14 5.96874839592288e+07 -5.96874838505268e+07 3.95226941636696e+06 3.92562053459578e+06
760 8.78362875005588e-14 1.06851627285368e+08 -1.06851627289068e+08 3.99094799828642e+06 3.92562337468291e+06
768 8.87608800005647e-14 8.97013409545796e+07 -8.97013409836105e+07 4.02086688144045e+06 3.92562793853656e+06
776 8.96854725005705e-14 4.82772267328312e+07 -4.82772266756582e+07 4.04085145334900e+06 3.92563390996505e+06
784 9.06100650005764e-14 7.69179794837997e+07 -7.69179794026214e+07 4.05016025056110e+06 3.92564091712212e+06
792 9.15346575005823e-14 7.53451542292597e+07 -7.53451541273526e+07 4.04846228381972e+06 3.92564854620591e+06
800 9.24592500005882e-14 4.33933522041357e+07 -4.33933523695287e+07 4.03590177909631e+06 3.92565635497362e+06
808 9.33838425005941e-14 5.10512638549854e+07 -5.10512638435757e+07 4.01306672615830e+06 3.92566387619798e+06
816 9.43084350006000e-14 5.98971051733017e+07 -5.98971052337842e+07 4.00638277700334e+06 3.92567064228147e+06
824 9.52330275006058e-14 3.74881556622840e+07 -3.74881557088721e+07 4.00511497040104e+06 3.92567619463114e+06
832 9.61576200006117e-14 3.06943142174871e+07 -3.06943143435204e+07 3.99300224846195e+06 3.92568010935538e+06
840 9.70822125006176e-14 4.49050979803168e+07 -4.49050979293551e+07 3.97008622481452e+06 3.92568200137193e+06
848 9.80068050006235e-14 3.09858259628276e+07 -3.09858258688600e+07 3.96802001480780e+06 3.92568153002681e+06
856 9.89313975006294e-14 1.61294057838430e+07 -1.61294056893268e+07 3.97810976459176e+06 3.92567842446878e+06
864 9.98559900006352e-14 3.16707558073202e+07 -3.16707558915279e+07 3.98075001664634e+06 3.92567249518265e+06
872 1.00780582500641e-13 2.43598456189780e+07 -2.43598456241527e+07 3.97573500954310e+06 3.92566362956104e+06
880 1.01705175000647e-13 1.25719064213382e+07 -1.25719063843399e+07 3.96484231386606e+06 3.92565179774065e+06
888 1.02629767500653e-13 2.09671606403864e+07 -2.09671605586392e+07 4.07925256651705e+06 3.92563706302882e+06
896 1.03554360000659e-13 1.80937450020735e+07 -1.80937449943590e+07 4.01716966436759e+06 3.92561957941466e+06
904 1.04478952500665e-13 1.03211166911491e+07 -1.03211166543752e+07 4.12956400538667e+06 3.92559958466789e+06
912 1.05403545000671e-13 1.30089053744841e+07 -1.30089053709288e+07 4.49202387874402e+06 3.92557740181111e+06
920 1.06328137500676e-13 1.25890839747165e+07 -1.25890839554533e+07 4.44955401163564e+06 3.92555342447700e+06
928 1.07252730000682e-13 8.26027007516178e+06 -8.26027008565024e+06 4.62787598730764e+06 3.92552811692433e+06
936 1.08177322500688e-13 7.56851789659411e+06 -7.56851802883178e+06 4.82239903814062e+06 3.92550199140304e+06
944 1.09101915000694e-13 8.10193062223420e+06 -8.10193064386204e+06 5.15502145103467e+06 3.92547560105802e+06
952 1.10026507500700e-13 6.46280579874888e+06 -6.46280579369247e+06 5.40768576850202e+06 3.92544951597557e+06
960 1.10951100000706e-13 4.15522856777546e+06 -4.15522841768834e+06 5.74032046588231e+06 3.92542430289088e+06
968 1.11875692500712e-13 4.71265072507292e+06 -4.71265061782688e+06 6.01969887650388e+06 3.92540050611060e+06
976 1.12800285000718e-13 4.95502595035940e+06 -4.95502589043307e+06 6.30035107408210e+06 3.92537862322245e+06
984 1.13724877500723e-13 3.63707285223289e+06 -3.49997159124737e+06 6.43800958152427e+06 3.92535909490702e+06
992 1.14649470000729e-13 3.63574294947258e+06 -3.99818116396511e+06 6.73935322915260e+06 3.92534227797768e+06
1000 1.15574062500735e-13 3.73243967151377e+06 -4.54395056812193e+06 7.16913937313215e+06 3.92532843363460e+06
1008 1.16498655000741e-13 3.63934538569080e+06 -4.91080420695585e+06 7.34945962467305e+06 3.92531771087708e+06
1016 1.17423247500747e-13 3.65357837690541e+06 -5.38211468466948e+06 7.76554859038264e+06 3.92531015841538e+06
1024 1.18347840000753e-13 3.65585287238545e+06 -5.67183177574719e+06 7.97069302335950e+06 3.92530570991316e+06
1032 1.19272432500759e-13 3.65488369398323e+06 -6.16304822660612e+06 8.88708152801803e+06 3.92530417912936e+06
1040 1.20197025000765e-13 3.65171484406887e+06 -6.12683246520870e+06 8.91494413189774e+06 3.92530527798517e+06
1048 1.21121617500771e-13 3.65066384257882e+06 -6.60407601246082e+06 9.67774917781486e+06 3.92530862017882e+06
1056 1.22046210000776e-13 3.64886562285007e+06 -7.82313606365921e+06 1.03761100007235e+07 3.92531373612099e+06
1064 1.22970802500782e-13 3.75943693325563e+06 -8.13468488419818e+06 1.08616286407058e+07 3.92532008140622e+06
1072 1.23895395000788e-13 3.75755073858894e+06 -9.60983970712701e+06 1.23150696648977e+07 3.92532707013555e+06
1080 1.24819987500794e-13 3.75977814341575e+06 -9.62423885636062e+06 1.25005734740627e+07 3.92533408000968e+06
1088 1.25744580000800e-13 3.75919806944767e+06 -1.08768564425873e+07 1.32562203347563e+07 3.92534047404055e+06
1096 1.26669172500806e-13 3.75668014402120e+06 -1.15281503101652e+07 1.49382611025369e+07 3.92534561952899e+06
1104 1.27593765000812e-13 3.75943196918232e+06 -1.33570918783544e+07 1.61859869940940e+07 3.92534891021997e+06
1112 1.28518357500818e-13 3.75738019943638e+06 -1.38683082501624e+07 1.64027363163101e+07 3.92534977847943e+06
1120 1.29442950000823e-13 3.75433393768767e+06 -1.71180768827551e+07 1.97059584015415e+07 3.92534771539183e+06
1128 1.30367542500829e-13 3.75752109894217e+06 -1.85009807029188e+07 2.12070614058483e+07 3.92534228142049e+06
1136 1.31292135000835e-13 3.75337694305401e+06 -2.08078919048866e+07 2.39433228965791e+07 3.92533311922939e+06
1144 1.32216727500841e-13 3.75009018478898e+06 -2.37243479065836e+07 2.68238516670862e+07 3.92531996383781e+06
1152 1.33141320000847e-13 3.75348724816175e+06 -2.69559267209169e+07 2.99806751478465e+07 3.92530265080973e+06
1160 1.34065912500853e-13 3.74660367467722e+06 -2.68788816631686e+07 2.98637375989064e+07 3.92528115683186e+06
1168 1.34990505000859e-13 3.74355792224343e+06 -3.26490825834310e+07 3.53441853239377e+07 3.92525591454253e+06
1176 1.35915097500865e-13 3.74674520034128e+06 -3.63151354312181e+07 3.89319346005689e+07 3.92522863203939e+06
1184 1.36839690000871e-13 3.73657340923566e+06 -3.61893575438865e+07 3.90464817116672e+07 3.92519771424071e+06
1192 1.37764282500876e-13 3.73440406169201e+06 -3.91678263564393e+07 4.21041197382952e+07 3.92514812368615e+06
1200 1.38688875000882e-13 3.73670412113053e+06 -3.46708741841181e+07 3.77188285210506e+07 3.92510041184684e+06
1208 1.39613467500888e-13 3.72290344507504e+06 -3.95720007055557e+07 4.24115214284692e+07 3.92508144452692e+06
1216 1.40538060000894e-13 3.72230058215602e+06 -4.22364785840503e+07 4.51023951535994e+07 3.92502137463211e+06
1224 1.41462652500900e-13 3.72279495323509e+06 -4.31196100022617e+07 4.61863165183767e+07 3.92497905226864e+06
1232 1.42387245000906e-13 3.70542619563935e+06 -4.31991809532901e+07 4.58876099186137e+07 3.92496193565008e+06
1240 1.43311837500912e-13 3.70694921197466e+06 -3.98138697423033e+07 4.24487285951561e+07 3.92487966108360e+06
1248 1.44236430000918e-13 3.70450236099959e+06 -4.02472448237836e+07 4.28389894762440e+07 3.92484211969523e+06
1256 1.45161022500923e-13 3.68411124156551e+06 -4.03085924472782e+07 4.29970957948236e+07 3.92483117964776e+06
1264 1.46085615000929e-13 3.68799677153865e+06 -3.92227776267091e+07 4.18242752522464e+07 3.92472749911018e+06
1272 1.47010207500935e-13 3.68142293271355e+06 -3.42893892472440e+07 3.71698343841858e+07 3.92471606660550e+06
1280 1.47934800000941e-13 3.66583473700666e+06 -3.62906931453025e+07 3.87368792173756e+07 3.92471618934452e+06
1288 1.48859392500947e-13 3.66511213081628e+06 -3.78799760920269e+07 4.06950744228355e+07 3.92459051836427e+06
1296 1.49783985000953e-13 3.66882484371571e+06 -4.03911555415754e+07 4.29083147064308e+07 3.92462725742590e+06
1304 1.50708577500959e-13 3.65685622712881e+06 -3.77840356298688e+07 4.05185156441290e+07 3.92463314495843e+06
1312 1.51633170000965e-13 3.66285860127977e+06 -4.37480777142919e+07 4.70472717861756e+07 3.92448513037213e+06
1320 1.52557762500971e-13 3.67231309210169e+06 -3.85698551188169e+07 4.13351972918119e+07 3.92459504907766e+06
1328 1.53482355000976e-13 3.66170125463433e+06 -4.34623176481318e+07 4.60822124774673e+07 3.92459103565976e+06
1336 1.54406947500982e-13 3.66248651458741e+06 -4.11020586863990e+07 4.32385275480528e+07 3.92442792086866e+06
1344 1.55331540000988e-13 3.65971401248972e+06 -4.35639376520978e+07 4.61163731487846e+07 3.92463931157433e+06
1352 1.56256132500994e-13 3.66759636342480e+06 -4.49217660272214e+07 4.78658800378439e+07 3.92460173625387e+06
1360 1.57180725001000e-13 3.66146602977856e+06 -4.67375498020269e+07 4.95394741636408e+07 3.92444902460624e+06
1368 1.58105317501006e-13 3.66643611094387e+06 -4.67643387191276e+07 4.94095485413963e+07 3.92479198108706e+06
1376 1.59029910001012e-13 3.66694272797763e+06 -4.75284102482337e+07 5.05662821753486e+07 3.92469843539551e+06
1384 1.59954502501018e-13 3.66631982927538e+06 -4.80632797400884e+07 5.09988724619074e+07 3.92461090562179e+06
1392 1.60879095001023e-13 3.66763023159286e+06 -4.64120942812481e+07 4.92105219096906e+07 3.92511353373097e+06
1400 1.61803687501029e-13 3.68319476888781e+06 -4.81980752793134e+07 5.12307313179277e+07 3.92496148007843e+06
1408 1.62728280001035e-13 3.68329135509500e+06 -4.41136363006269e+07 4.69282900409034e+07 3.92502905140135e+06
1416 1.63652872501041e-13 3.69666598869956e+06 -4.63616719573129e+07 4.94744496097573e+07 3.92572057089507e+06
1424 1.64577465001047e-13 3.70718735733123e+06 -4.41344025612347e+07 4.68976925377242e+07 3.92555240875799e+06
1432 1.65502057501053e-13 3.71841748713367e+06 -4.84790250563576e+07 5.11208071998713e+07 3.92589061635431e+06
1440 1.66426650001059e-13 3.67642733714992e+06 -4.68064064327327e+07 4.94616100292552e+07 3.92681031774969e+06
1448 1.67351242501065e-13 3.70653984282308e+06 -4.93613568225501e+07 5.19894947812846e+07 3.92671990318247e+06
1456 1.68275835001071e-13 3.69916593716368e+06 -5.18993921331260e+07 5.49927024046435e+07 3.92746861790110e+06
1464 1.69200427501076e-13 3.68282732766164e+06 -4.89777347256557e+07 5.20300259370147e+07 3.92868671271551e+06
1472 1.70125020001082e-13 3.71213436899556e+06 -5.14803344559819e+07 5.43711518912449e+07 3.92882344054569e+06
1480 1.71049612501088e-13 3.70756744993999e+06 -6.23644745926776e+07 6.50142083059053e+07 3.93014515591235e+06
1488 1.71974205001094e-13 3.70648361895323e+06 -6.00380679284719e+07 6.33125374928264e+07 3.93180419265668e+06
1496 1.72898797501100e-13 3.70914131221217e+06 -5.97833358054750e+07 6.23753562746882e+07 3.93241606168331e+06
1504 1.73823390001106e-13 3.70343829500035e+06 -6.56551081521211e+07 6.84764486009337e+07 3.93463834675148e+06
1512 1.74747982501112e-13 3.70278599330542e+06 -7.57241266064955e+07 7.85237852182162e+07 3.93719123153773e+06
1520 1.75672575001118e-13 3.70170513800037e+06 -8.90532565251295e+07 9.17198811058459e+07 3.93894980980184e+06
1528 1.76597167501123e-13 3.70335832929735e+06 -8.39565626821436e+07 8.64169201945706e+07 3.94248957545410e+06
1536 1.77521760001129e-13 3.70667124800418e+06 -7.71502891836811e+07 7.94810241996586e+07 3.94609573879535e+06
1544 1.78446352501135e-13 3.70162979561692e+06 -7.03880456543009e+07 7.29123528866424e+07 3.94855979136972e+06
1552 1.79370945001141e-13 3.69721962141457e+06 -6.66832875955038e+07 6.95229728188386e+07 3.95267427330641e+06
1560 1.80295537501147e-13 3.69774347571388e+06 -7.88494920359678e+07 8.16136477777443e+07 3.95629073300656e+06
1568 1.81220130001153e-13 3.70124808748581e+06 -7.99694315060904e+07 8.27067615401153e+07 3.95855712703522e+06
1576 1.82144722501159e-13 3.70659802633960e+06 -8.17361796367629e+07 8.43875853584324e+07 3.96187382934183e+06
1584 1.83069315001165e-13 3.72311726875706e+06 -7.53045259335005e+07 7.77931715436317e+07 3.96439882896783e+06
1592 1.83993907501171e-13 3.72544836367760e+06 -7.99696808170196e+07 8.27888920639492e+07 3.96547692436247e+06
1600 1.84918500001176e-13 3.94976814924858e+06 -8.46659071744229e+07 8.72625772563521e+07 3.96626915451308e+06
1608 1.85843092501182e-13 3.90208782677105e+06 -6.76014506423841e+07 7.01368626796104e+07 3.96655974721733e+06
1616 1.86767685001188e-13 3.95947930642484e+06 -5.98846804607104e+07 6.24966988824439e+07 3.96500310843222e+06
1624 1.87692277501194e-13 3.95635468802279e+06 -5.23358932343953e+07 5.52771732106256e+07 3.96123192489039e+06
1632 1.88616870001200e-13 3.93071481136463e+06 -4.86497033589584e+07 5.14283902728494e+07 3.95812956729189e+06
1640 1.89541462501206e-13 3.95201212086192e+06 -5.33555758416688e+07 5.57267160104326e+07 3.95201212086192e+06
1648 1.90466055001212e-13 3.94128620101173e+06 -5.43371263386232e+07 5.68504594481774e+07 3.94405203259025e+06
1656 1.91390647501218e-13 3.80711859934978e+06 -4.71073950083709e+07 4.97586555054599e+07 3.94989091890993e+06
1664 1.92315240001223e-13 3.92111376715615e+06 -4.97540402800166e+07 5.29533613476509e+07 3.96834237656960e+06
1672 1.93239832501229e-13 3.84932630582856e+06 -5.36385292852783e+07 5.62335892335801e+07 3.99071750474164e+06
1680 1.94164425001235e-13 3.96439318283365e+06 -4.49161937769917e+07 4.78457101410515e+07 4.01256997514178e+06
1688 1.95089017501241e-13 3.96375086701132e+06 -4.69506290774361e+07 5.00278602071561e+07 4.03368878320864e+06
1696 1.96013610001247e-13 3.88874626076423e+06 -4.42285887835927e+07 4.65874938819676e+07 4.05379333082173e+06
1704 1.96938202501253e-13 3.89166457277203e+06 -4.63204089883562e+07 4.91410032504716e+07 4.07329320167371e+06
1712 1.97862795001259e-13 3.81840807704748e+06 -4.66517857307334e+07 4.94910398063458e+07 4.09194827887444e+06
1720 1.98787387501265e-13 3.80127227792968e+06 -4.63969495983302e+07 4.93075533263359e+07 4.10958215827268e+06
1728 1.99711980001271e-13 3.78712364527319e+06 -4.69460330845765e+07 4.96003082827023e+07 4.12633878810090e+06
1736 2.00636572501276e-13 3.76178722848558e+06 -4.57229368584173e+07 4.87172391903946e+07 4.14202940100185e+06
1744 2.01561165001282e-13 3.75230478409910e+06 -4.38161097430818e+07 4.64206187227518e+07 4.15656507961480e+06
1752 2.02485757501288e-13 3.77642898275228e+06 -4.79056685907458e+07 5.06849591494806e+07 4.16998200989795e+06
1760 2.03410350001294e-13 3.80802869286430e+06 -4.63126874418531e+07 4.91479939920324e+07 4.18220243967872e+06
1768 2.04334942501300e-13 3.83457432519978e+06 -4.63255482947866e+07 4.96684778539587e+07 4.19320792206696e+06
1776 2.05259535001306e-13 3.85139065282271e+06 -4.98200399993643e+07 5.25391718935918e+07 4.20300377829727e+06
1784 2.06184127501312e-13 3.87039896965977e+06 -4.97028111169377e+07 5.27261085801892e+07 4.21158390653428e+06
1792 2.07108720001318e-13 3.88199617350605e+06 -4.48280774842950e+07 4.77620021605356e+07 4.21892182333308e+06
1800 2.08033312501323e-13 3.88923402272542e+06 -4.90090686782227e+07 5.19789383834775e+07 4.22500535225255e+06
1808 2.08957905001329e-13 3.89212843650029e+06 -4.98241009491851e+07 5.26915768043227e+07 4.22986937995159e+06
1816 2.09882497501335e-13 3.88988338235882e+06 -5.50082732522759e+07 5.74364521951056e+07 4.23353900094888e+06
1824 2.10807090001341e-13 3.88074158861754e+06 -5.92866137956947e+07 6.19733918204329e+07 4.23606052618474e+06
1832 2.11731682501347e-13 3.74019441139385e+06 -5.47264395292941e+07 5.76955927907214e+07 4.23754746936445e+06
1840 2.12656275001353e-13 3.79198858845970e+06 -5.13116371330020e+07 5.39789160909963e+07 4.23804118002870e+06
1848 2.13580867501359e-13 3.72408580435677e+06 -5.99880362517613e+07 6.32305252051746e+07 4.23760071192189e+06
1856 2.14505460001365e-13 3.79162821336521e+06 -5.49149149712180e+07 5.82749257497368e+07 4.23633831627622e+06
1864 2.15430052501371e-13 3.72115188265609e+06 -6.02195272471217e+07 6.31343931461967e+07 4.23431511956987e+06
1872 2.16354645001376e-13 3.71628696760449e+06 -5.31881067388078e+07 5.60901076698920e+07 4.23160319460416e+06
1880 2.17279237501382e-13 3.70590556121563e+06 -5.80896737660345e+07 6.10595783642788e+07 4.22829457198990e+06
1888 2.18203830001388e-13 3.75447900674159e+06 -5.09234510789761e+07 5.37666668928782e+07 4.22443728724441e+06
1896 2.19128422501394e-13 3.74994482697441e+06 -5.91312798557908e+07 6.20758308507104e+07 4.22011908865345e+06
1904 2.20053015001400e-13 3.73363471776132e+06 -5.51022955833318e+07 5.77979485869653e+07 4.21538010365668e+06
1912 2.20977607501406e-13 3.71119998927527e+06 -5.32975147954846e+07 5.58772730686540e+07 4.21022452383018e+06
1920 2.21902200001412e-13 3.89817486832748e+06 -5.20089093688410e+07 5.48854561017981e+07 4.22405093984981e+06
1928 2.22826792501418e-13 3.86299398365065e+06 -5.38296994597517e+07 5.71151781484825e+07 4.24877600325835e+06
1936 2.23751385001423e-13 3.81254137388903e+06 -5.36237473919925e+07 5.64955688254029e+07 4.27253960340899e+06
1944 2.24675977501429e-13 3.89298495009589e+06 -5.10704885446031e+07 5.40875971182780e+07 4.29531478241338e+06
1952 2.25600570001435e-13 3.80737450243516e+06 -4.90878497843440e+07 5.21009503150800e+07 4.31710739614101e+06
1960 2.26525162501441e-13 3.75961290619090e+06 -5.36738779318127e+07 5.63868926609481e+07 4.34251712881764e+06
1968 2.27449755001447e-13 3.87356659427679e+06 -6.01043176771498e+07 6.27837143781729e+07 4.36969694244398e+06
1976 2.28374347501453e-13 3.79919156673265e+06 -6.26358277460893e+07 6.57054359893683e+07 4.39583011234302e+06
1984 2.29298940001458e-13 3.83907918265606e+06 -6.77908201603719e+07 7.02911456125984e+07 4.42089355290125e+06
1992 2.30223532501464e-13 3.83359535473284e+06 -6.62150652856768e+07 6.89811729717974e+07 4.44487933737097e+06
2000 2.31148125001470e-13 3.73882240105092e+06 -6.62522763497485e+07 6.89490209422404e+07 4.46780094683854e+06
2008 2.32072717501475e-13 3.73677340709789e+06 -6.40587573873654e+07 6.65283209570884e+07 4.48968166999717e+06
2016 2.32997310001481e-13 3.77182351455859e+06 -6.67458030635574e+07 6.93331662936049e+07 4.51051426894319e+06
2024 2.33921902501487e-13 3.86776970641832e+06 -6.04904681208248e+07 6.33545155187765e+07 4.53028195117639e+06
2032 2.34846495001492e-13 3.84359529397247e+06 -6.35080943398087e+07 6.62637091605187e+07 4.54899511599421e+06
2040 2.35771087501498e-13 3.83316176022888e+06 -5.95291072301781e+07 6.21430707501714e+07 4.56665746867969e+06
2048 2.36695680001504e-13 3.72902016748654e+06 -5.34460598041151e+07 5.62537420232120e+07 4.58326714292495e+06
2056 2.37620272501510e-13 3.74913580767905e+06 -5.36710644122051e+07 5.65735602635733e+07 4.59883416392934e+06
2064 2.38544865001515e-13 3.85007068890808e+06 -5.48185479401163e+07 5.72953586097624e+07 4.61338181624195e+06
2072 2.39469457501521e-13 3.75209474010884e+06 -6.10254060121605e+07 6.36989036604813e+07 4.62692262300152e+06
2080 2.40394050001527e-13 3.70238674059321e+06 -6.39255157184404e+07 6.64625295277038e+07 4.63948783417729e+06
2088 2.41318642501532e-13 3.64993024589395e+06 -6.36473887670920e+07 6.64539568532839e+07 4.65112197087244e+06
2096 2.42243235001538e-13 3.79529725294526e+06 -6.27969119998990e+07 6.53080166911570e+07 4.66187185681972e+06
2104 2.43167827501544e-13 3.68310455052521e+06 -5.46818939025798e+07 5.73934002416660e+07 4.67179502362949e+06
2112 2.44092420001549e-13 3.66150669814969e+06 -6.43991895787963e+07 6.75213127695818e+07 4.68092776519743e+06
2120 2.45017012501555e-13 3.70921782476928e+06 -6.82863430225553e+07 7.10672049984422e+07 4.68927721181537e+06
2128 2.45941605001561e-13 3.78163874756622e+06 -7.48139823756988e+07 7.76953759015981e+07 4.69683901097711e+06
2136 2.46866197501566e-13 3.79880477091120e+06 -8.15161271923534e+07 8.39217768143427e+07 4.70363243419225e+06
2144 2.47790790001572e-13 3.75160200211832e+06 -7.54970247623063e+07 7.79795137457479e+07 4.72794971012629e+06
2152 2.48715382501578e-13 3.69835657452490e+06 -6.89242618502091e+07 7.17207244476627e+07 4.75922807542077e+06
2160 2.49639975001583e-13 3.78106266255582e+06 -6.42087142278937e+07 6.66824466541163e+07 4.78967960769885e+06
2168 2.50564567501589e-13 3.78518708360795e+06 -6.38170111964125e+07 6.62057405171311e+07 4.81922129199312e+06
2176 2.51489160001595e-13 3.69539964968470e+06 -7.41470397874426e+07 7.69345485228591e+07 4.84777762075052e+06
2184 2.52413752501600e-13 3.79959797723219e+06 -7.93501972877867e+07 8.19723948100507e+07 4.87529549076149e+06
2192 2.53338345001606e-13 3.71024066133662e+06 -8.78967413995375e+07 9.04903665956710e+07 4.90172010145519e+06
2200 2.54262937501612e-13 3.72688629161152e+06 -9.77646405880997e+07 1.00225120728301e+08 4.92699862931006e+06
2208 2.55187530001617e-13 3.81949215207742e+06 -1.09053578841726e+08 1.11889259654903e+08 4.95108647699684e+06
2216 2.56112122501623e-13 3.70692789877649e+06 -1.07207671891045e+08 1.09979614350550e+08 4.97398316591369e+06
2224 2.57036715001629e-13 3.75248909205362e+06 -1.08572589610179e+08 1.11568336347022e+08 4.99571520790434e+06
2232 2.57961307501634e-13 3.75183747521332e+06 -9.97656841097435e+07 1.02398688999147e+08 5.01628606306110e+06
2240 2.58885900001640e-13 3.75978729075701e+06 -1.08123830698378e+08 1.10659341492280e+08 5.03571339780717e+06
2248 2.59810492501646e-13 3.93270571583739e+06 -1.06616590798793e+08 1.09305620350232e+08 5.05403603591605e+06
2256 2.60735085001652e-13 4.04464673767352e+06 -1.05073210980137e+08 1.07727360532348e+08 5.07130625336256e+06
2264 2.61659677501657e-13 3.97975114967522e+06 -9.76776629994397e+07 1.00338584265297e+08 5.08762684721842e+06
2272 2.62584270001663e-13 3.95915781511349e+06 -1.09466188278637e+08 1.12267254672532e+08 5.11270518904688e+06
2280 2.63508862501669e-13 3.94744481958146e+06 -1.26568858608374e+08 1.28823003505196e+08 5.13851611469057e+06
2288 2.64433455001674e-13 3.94835869368521e+06 -1.40550270116732e+08 1.43213905514841e+08 5.16395352133340e+06
2296 2.65358047501680e-13 3.76180153221270e+06 -1.57482116296666e+08 1.60231949412866e+08 5.18902773010410e+06
2304 2.66282640001686e-13 3.77341590638745e+06 -1.66019371963065e+08 1.68169591706662e+08 5.21376144875085e+06
2312 2.67207232501691e-13 3.74044162551294e+06 -1.66862344327569e+08 1.69620754350239e+08 5.23817314541761e+06
2320 2.68131825001697e-13 3.78878977612273e+06 -1.61513802149251e+08 1.64159459283310e+08 5.26229219280018e+06
2328 2.69056417501703e-13 3.80112313220830e+06 -1.47426997695657e+08 1.49705538326410e+08 5.28615996123418e+06
2336 2.69981010001708e-13 3.75621394892720e+06 -1.33154827134965e+08 1.35878928281384e+08 5.30981052835473e+06
2344 2.70905602501714e-13 3.76644581781632e+06 -1.51748382707403e+08 1.54196127578818e+08 5.33318346269873e+06
2352 2.71830195001720e-13 3.80994837593924e+06 -1.64615884340186e+08 1.67700420979541e+08 5.35618120823393e+06
2360 2.72754787501725e-13 3.80589997195949e+06 -1.74747558400481e+08 1.77172466565401e+08 5.37872060020277e+06
2368 2.73679380001731e-13 3.77199350276005e+06 -1.80363853239900e+08 1.83005196626367e+08 5.40068867896348e+06
2376 2.74603972501737e-13 3.79315710583048e+06 -1.92030238255454e+08 1.94773138166889e+08 5.42200645993046e+06
2384 2.75528565001742e-13 3.78333064691995e+06 -2.15364828500799e+08 2.18031861967521e+08 5.44268935536452e+06
2392 2.76453157501748e-13 3.77518537388267e+06 -2.33980727833844e+08 2.36420346787597e+08 5.46280311728425e+06
2400 2.77377750001754e-13 3.74656205669803e+06 -2.41781089804919e+08 2.44440893556388e+08 5.48740717685582e+06
2408 2.78302342501759e-13 3.72552712638736e+06 -2.33731643420110e+08 2.36216977696745e+08 5.52264572550154e+06
2416 2.79226935001765e-13 3.74278221488116e+06 -2.34345389157731e+08 2.37152179434023e+08 5.55654923187211e+06
2424 2.80151527501771e-13 3.73595880448097e+06 -2.50783261190098e+08 2.53228618045700e+08 5.58908028192246e+06
2432 2.81076120001776e-13 3.82072587481325e+06 -2.37107171758814e+08 2.40198744449128e+08 5.62026424906690e+06
2440 2.82000712501782e-13 3.81248421827436e+06 -1.92916140325504e+08 1.96073445022285e+08 5.65011899446887e+06
2448 2.82925305001788e-13 3.80217965592417e+06 -1.50275827575318e+08 1.53083806753885e+08 5.67864166425073e+06
2456 2.83849897501794e-13 3.79950425407078e+06 -1.22032862603225e+08 1.24809181513376e+08 5.70578401763826e+06
2464 2.84774490001799e-13 3.86755437363718e+06 -1.13865187049327e+08 1.16387413863627e+08 5.73148914997780e+06
2472 2.85699082501805e-13 3.83932538700203e+06 -1.21282995420912e+08 1.23518741256242e+08 5.75573026048056e+06
2480 2.86623675001811e-13 3.84475140330812e+06 -1.22544868474227e+08 1.25297233923755e+08 5.77845531429046e+06
2488 2.87548267501816e-13 3.98673906270670e+06 -1.19174642399992e+08 1.21378035883873e+08 5.79964832856625e+06
2496 2.88472860001822e-13 3.92379395360618e+06 -1.09957423408042e+08 1.12279149734012e+08 5.83366205881244e+06
2504 2.89397452501828e-13 3.87852725879123e+06 -1.01600181341548e+08 1.04297446882649e+08 5.87138961362436e+06
2512 2.90322045001833e-13 3.83901176845721e+06 -9.50116577777981e+07 9.72649545173034e+07 5.90893432335192e+06
2520 2.91246637501839e-13 3.83326711838465e+06 -8.14270379870830e+07 8.41321561163918e+07 5.94633449099669e+06
2528 2.92171230001845e-13 3.85873356733483e+06 -7.47793244486682e+07 7.73968162543389e+07 5.98362026070747e+06
2536 2.93095822501850e-13 3.85060995680105e+06 -7.01904525722814e+07 7.30493377318828e+07 6.02074514180614e+06
2544 2.94020415001856e-13 3.83362956605455e+06 -6.55880673816076e+07 6.79376491806223e+07 6.05764835155712e+06
2552 2.94945007501862e-13 3.76098953850916e+06 -6.34924685588463e+07 6.58457639460773e+07 6.09426422386515e+06
2560 2.95869600001867e-13 3.77411299362946e+06 -6.45441425092345e+07 6.71057946427316e+07 6.13049839979735e+06
2568 2.96794192501873e-13 3.82797218824502e+06 -6.11832383297325e+07 6.35053722447606e+07 6.16626781494107e+06
2576 2.97718785001879e-13 4.31853302498941e+06 -6.47529675226015e+07 6.73553580141377e+07 6.20150466920208e+06
2584 2.98643377501884e-13 3.98726304422370e+06 -6.47314887527290e+07 6.69316618386966e+07 6.23615446479988e+06
2592 2.99567970001890e-13 3.92149063605662e+06 -6.52042580274527e+07 6.81045827488697e+07 6.27015626786973e+06
2600 3.00492562501896e-13 3.73716169590420e+06 -7.03206378587429e+07 7.31982243422481e+07 6.30341149044378e+06
2608 3.01417155001901e-13 3.77169883524191e+06 -7.72407224626571e+07 8.03929112075484e+07 6.33584499563707e+06
2616 3.02341747501907e-13 3.72764547335108e+06 -7.92957511862534e+07 8.21518821879393e+07 6.36739335180874e+06
2624 3.03266340001913e-13 3.77451212506644e+06 -8.77073023332415e+07 9.02880861967910e+07 6.39796123703344e+06
2632 3.04190932501918e-13 3.78594570451959e+06 -8.50594310382632e+07 8.80804549675092e+07 6.42746681049441e+06
2640 3.05115525001924e-13 3.80819456027308e+06 -7.90930905645074e+07 8.19131228041348e+07 6.45579190134251e+06
2648 3.06040117501930e-13 3.74767637146455e+06 -8.41491580630792e+07 8.68058208081496e+07 6.48282864477969e+06
2656 3.06964710001936e-13 3.83898440108672e+06 -9.46681752769825e+07 9.72590766893996e+07 6.50852912692418e+06
2664 3.07889302501941e-13 3.78614618695569e+06 -9.83653515753078e+07 1.00548488869264e+08 6.53288598903748e+06
2672 3.08813895001947e-13 3.91037540795758e+06 -1.07213054958155e+08 1.09810097816057e+08 6.55586597373471e+06
2680 3.09738487501953e-13 3.92290981880878e+06 -1.08853233639699e+08 1.12110751693989e+08 6.57743901725393e+06
2688 3.10663080001958e-13 3.92483989852453e+06 -1.17243701302242e+08 1.20064155307007e+08 6.59996016757593e+06
2696 3.11587672501964e-13 4.33958604232583e+06 -1.22805150863816e+08 1.25433802294182e+08 6.63284091663772e+06
2704 3.12512265001970e-13 4.01113245484749e+06 -1.29512672495257e+08 1.32223303083229e+08 6.66389439964296e+06
2712 3.13436857501975e-13 4.04046547817723e+06 -1.38347581075823e+08 1.40991304632140e+08 6.69316957806813e+06
2720 3.14361450001981e-13 4.07916269809750e+06 -1.52798986273523e+08 1.55044506120515e+08 6.72061983389137e+06
2728 3.15286042501987e-13 3.95132059358277e+06 -1.49756060214786e+08 1.52757371096509e+08 6.76189646290209e+06
2736 3.16210635001992e-13 3.99954102129241e+06 -1.59525529333075e+08 1.62322305019217e+08 6.82008963607742e+06
2744 3.17135227501998e-13 4.06680625237406e+06 -1.48198469706850e+08 1.50969203147527e+08 6.87802265801581e+06
2752 3.18059820002004e-13 3.94622256694327e+06 -1.57954324954657e+08 1.60645776039695e+08 6.93558444882679e+06
2760 3.18984412502009e-13 4.11950596523803e+06 -1.41783414479707e+08 1.43884463101721e+08 6.99269878422857e+06
2768 3.19909005002015e-13 4.21243753092047e+06 -1.45253407366829e+08 1.47636145350365e+08 7.04929686664602e+06
2776 3.20833597502021e-13 4.26391903352433e+06 -1.23406454793110e+08 1.25883167817636e+08 7.10524040092249e+06
2784 3.21758190002026e-13 4.28300044805876e+06 -1.24397779797674e+08 1.26743198271011e+08 7.16032720585967e+06
2792 3.22682782502032e-13 4.45032896830656e+06 -1.05139607377493e+08 1.07586131129125e+08 7.21436291125749e+06
2800 3.23607375002038e-13 4.65727951039207e+06 -1.02651719084919e+08 1.06204724009064e+08 7.26717640462310e+06
2808 3.24531967502043e-13 4.42259764597938e+06 -9.42154925021046e+07 9.68607764811707e+07 7.31859841108279e+06
2816 3.25456560002049e-13 4.42110060872295e+06 -1.00093009618496e+08 1.02704803482676e+08 7.36849054543594e+06
2824 3.26381152502055e-13 4.05099284874967e+06 -1.14276418429274e+08 1.17492091532150e+08 7.41679449756801e+06
2832 3.27305745002061e-13 3.89479899955746e+06 -1.43826341957644e+08 1.47796653248286e+08 7.46345900961535e+06
2840 3.28230337502066e-13 3.92557211689200e+06 -1.17418706328159e+08 1.20464814007696e+08 7.50846911503630e+06
2848 3.29154930002072e-13 3.98254800242841e+06 -1.17282327461584e+08 1.19747609653012e+08 7.55176756447951e+06
2856 3.30079522502078e-13 4.10508313753029e+06 -1.22880240205439e+08 1.25433545532046e+08 7.59328710966189e+06
2864 3.31004115002083e-13 4.48626123924219e+06 -1.27862808312105e+08 1.30115258688253e+08 7.63290917992338e+06
2872 3.31928707502089e-13 4.59888745119626e+06 -1.33494638138848e+08 1.36607867116604e+08 7.67043625325895e+06
2880 3.32853300002095e-13 4.14056905015824e+06 -1.27705696509957e+08 1.30514958591868e+08 7.70558748266179e+06
2888 3.33777892502100e-13 4.77159198931814e+06 -1.41589844737584e+08 1.44135945539180e+08 7.73797625383278e+06
2896 3.34702485002106e-13 4.93916502757128e+06 -1.33539536916675e+08 1.36194863895416e+08 7.76725278751306e+06
2904 3.35627077502112e-13 5.04409429751610e+06 -1.37273098570577e+08 1.39687942358854e+08 7.79310171953836e+06
2912 3.36551670002117e-13 5.05687059820230e+06 -1.35349501106366e+08 1.38265629070321e+08 7.81529030971812e+06
2920 3.37476262502123e-13 5.25939736274346e+06 -1.24586594662237e+08 1.27548179118161e+08 7.83362364100068e+06
2928 3.38400855002129e-13 4.92102328522551e+06 -1.28399612928815e+08 1.30989946836217e+08 7.84791640071781e+06
2936 3.39325447502134e-13 5.19465795423894e+06 -1.13565102415784e+08 1.16031715913682e+08 7.85805564422131e+06
2944 3.40250040002140e-13 5.03629859497586e+06 -1.18172164930801e+08 1.20247011821083e+08 7.86734212545259e+06
2952 3.41174632502146e-13 5.26638873589670e+06 -1.08471433627339e+08 1.11137097233746e+08 7.89925350710497e+06
2960 3.42099225002151e-13 5.28630208293690e+06 -1.10564068651534e+08 1.13087552350215e+08 7.92792045387861e+06
2968 3.43023817502157e-13 5.29387238793572e+06 -1.02690766627701e+08 1.04629365618221e+08 7.98026812386042e+06
2976 3.43948410002163e-13 5.18295613072479e+06 -9.53366234386601e+07 9.76215924735836e+07 8.06682530814621e+06
2984 3.44873002502168e-13 5.47037066680388e+06 -9.16265242395703e+07 9.39375244386214e+07 8.15213602626548e+06
2992 3.45797595002174e-13 5.44016114738687e+06 -8.09703811024101e+07 8.34184740843726e+07 8.23596926274011e+06
3000 3.46722187502180e-13 5.27803076853794e+06 -8.48805504442491e+07 8.74872695815993e+07 8.31812404721279e+06
3008 3.47646780002185e-13 5.34655042935652e+06 -7.95045207495137e+07 8.25735359248458e+07 8.39843212149865e+06
3016 3.48571372502191e-13 5.17748950086585e+06 -8.40014183870951e+07 8.65537114459605e+07 8.47676387968931e+06
3024 3.49495965002197e-13 5.08510478661884e+06 -7.87780079415853e+07 8.15002220457720e+07 8.55300492368139e+06
